33.0248221007
16.1850319941
15.0815070854
5.7236158597
5.6794748634
4.4140996348
4.1492536567
3.5312797078
2.6116756172
1.8392081812
1.3440933388
1.3242298904
1.2506615632
1.0520270796
0.8092515997
0.5947999258
0.1581719036
0.1103524909
0.0882819927
0.0875463094
0.0846035763
0.08092516
0.08092516
0.0735683272
0.0735683272
0.0625330782
0.0588546618
0.0588546618
0.0577952779
0.0441409963
0.0367841636
0.0367841636
0.0367841636
0.0360484804
0.0360484804
0.0228061814
0.0154493487
0.0147136654
0.0147136654
0.0147136654
0.0147136654
0.0147136654
0.0147136654
0.0147136654
0.0147136654
0.0147136654
0.0147136654
0.0147136654
0.0147136654
0.0147136654
