360,48,0,0,0,0,0,0,0,0
360,0,0,0,0,0,0,0,0,0,0
980,0,0,95,0,0
980,5,0,95,0,0
469,462,0,0
469,0,147,0
469,0,0,0,105
544,0,32
544,0,4
642,618,0,0
642,138,0,0
490,56,28,0,0,0,0,0,0
490,413,0,77,0,0,0,0,0,0
490,7,7,0,14,0,0,0,0,0
624,24,316,48,52,36,28,32,0,0
372,0,0,264
396,0,0
364,91,0,0,0,0,0,0
512,0,0,24
512,0,0,24
430,40,0
430,0,0
624,128,0,72,184,132,44,28
624,120,0,96,248,48,40,28
378,0,0,30,0,0,0,0
378,18,0,30,0,0,0,0
400,16,0
724,24,76,28,176,112,76,44,36,44,100,8,0,0,0,0
715,0,0,55,5
400,0,0
378,54,0,0,0,0,0
378,72,0,0,54,0,0
396,40,8,0,0,0,0
615,0,0,0,0,0
615,0,0,0,0,0
266,0,42,0
266,0,0,42
266,0,0,7
91,7
91,7
810,795
1144,12,0,216,68,40,48,52,40,28,40,48,44,104,92,52,28
1144,52,56,108,56,24,28,88,40,24,40,48,56,100,88,44,36
1144,0,148,0,0,288,88,40,48,8,60,44,52,96,96,32,48
462,28
462,0
462,0
266,0,0,42
266,63,0,0
285,60,0
657,81,0,159,45,60,39,27,21,39,15
344,20,0,28,16,0,0,0,0,0,0,0
344,0,20,24,16,0,0,0,0,0,0,0
344,0,0,36,0,0,0,0,0,0,0,0
636,0,33
636,30,0,0
621,12,0,90,51,42,75,93,42,63,39,48
245,0,0
245,0,0,30
285,155,0,30
285,40,135,0
345,0,0,65
345,0,260,0
246,0
798,0,0,0,0,0,0
798,0,0,0,0,0,0
292,124,0,44,0,0,0
798,658,0,0,0,0,0
292,0,16,8,0,0,0
798,196,0,63,0,0,0
508,56,0
690,246,0,120,6,0,0,0
690,0,0,0,6,0,0,0,0,0,0
618,0,183,12,3
240,5,0,30
792,0,0,188,120,56,128,72,72,72,8
792,84,0,0,216,112,132,72,80,72,8
581,0,105,0,0,0
581,0,0,0,0,0
581,0,0,0,0,0
581,49,119,0,0,0,0
788,40,64,104,0,224
516,0,0,75,0,0,0,0,0,0
516,48,0,0,27,0,0,0,0,0
568,0,0,0
568,376,0,0
568,4,8,0
275,5,0,0,70,30,0,0,0
864,0
468,216,0,0,0,0
1012,32
678,42,0,24,0,24,183,231,93,39,0,0
672,9,18,0,0,210,144,72,39,51,72,0
474,12
474,444
474,444
588,0
549,24,0,57,0,24,0,0
465,18,0,0
716,60
256,0,0,192,0,64,0,0,0
256,0,0,0,16,0,120,0,112
256,72,0,184,0,0,0,0,0
736,648,0,0,0,0,0,0
1160,60,35,40,125,125,40,0,75,30,25,0,0,0,0,0,0,0,0
1160,65,0,10,105,180,25,45,0,90,0,30,0,0,0,0,0,0,0
625,20,45,0,10
486,0,54,396,0,0,0
486,60,0,0,426,0,0
956,0,8,292,76,48,100,76,60
956,60,0,0,348,48,100,56,76
84,0,0,0,0
84,70,0,0,0
84,70,0,0,0
84,0,0,0,0
84,0,0,0,0
380,0,0,0
380,335,0,0
492,4,92,0,276,32,72,0,0,0,0,0,0,0
492,0,0,116,64,0,220,80,0,0,0,0,0,0
408,0,8,0,0,0,0,0,0,0,0
408,0,0,0,0,0,0,0,0,0,0
820,0
471,0,0,171,84,36,66,48
420,0,0,5,0
420,0,0,5,0
564,0,472,92,0,0,0,0,0
1036,0,120,0,116,12,24,28,28,48,28,24,112,68,40,24,24,8,8,28,8,0,0,0,0,0,0,0
1036,76,16,28,24,28,24,8,48,40,28,12,96,100,28,36,20,12,12,0,32,0,0,0,0,0,0,0
1036,144,40,8,40,84,16,24,40,52,24,24,92,88,40,24,24,4,20,20,8,0,0,0,0,0,0,0
1036,0,4,12,180,0,0,64,36,48,0,40,124,64,36,28,24,12,12,0,32,0,0,0,0,0,0,0,0
726,42,0,0
320,24,0,48,0,0,0,0,0
320,0,0,0,0,0,0,0,0
320,80,72,32,8,0,24,0,0
330,24,0
330,0,0
330,18,54,0
259,140
259,154
168,0,0
315,70,84,105,0
315,0,0,0,0
315,0,0,98,189
315,0,0,0,0
315,0,0,0,245,0
133,7,0
486,30,24,0,18,6
700,76,36,64,108,72,16
384,120
500,0,0,0
858,0,84,258,48,54,0,0
858,444,0,258,42,108,6,0
858,0,0,306,0,0,0,132
126,36
426,0,0,0
426,204,0,0
413,0,0
310,0,110,0,180,0
310,200,0,0,0,0
690,685,0,0,0
690,0,75,5,0,0
290,10
290,190
290,120
464,0,0,24,0,0,0,0,0
464,224,64,8,0,0,0,0,0
624,0,0
624,0,0
624,0,0,24
840,85,0,325,55
388,0,0,0,0,0
388,0,84,0,0,0
388,56,0,0,0,0
840,60,240,110,55,0,0
240,0,0,0,0,0,0,0
240,0,64,0,0,0,0,0
240,64,0,0,0,0,0,0
680,15
1164,30,0,0,168,150,90,60,150,66,18,126,156,48,0,0,0,0,0
1164,36,0,0,0,0,0,306,348,54,66,108,150,42,0,0,0,0,0,0
1092,0
1092,0,54,0,0
1005,0,0,0,0,885
440,0
621,126
1256,0
348,0,0
348,0,0,16
840,0,150,252,132
840,378,276,0,174,0
363,0,0,0,0
363,0,0,121,0
363,33,0,0,0
363,0,0,0,44
378,9,0,0,0
378,0,0,0,0
363,0,0,0,44,0
504,0,0,0,0,0
504,0,18,0,0,0
504,0,0,0,0,0
504,504,0,0,0,0
504,0,0,0,0,0
441,0
705,0,0,0
705,0,0,95
1302,0
1302,0
1024,0
945,0,340,120,45,30,15
558,0,27,0
1512,0,343,539,0,0,0
1512,371,189,231,112,0,0,0
552,0,0
552,0,0,0,30
1410,84,246,258,114,84,72,18,66,84,96,108,30,54
763,0,70,0,0,0,0
763,0,0,0,0,0,0
912,0,144,0,0
912,0,132,0,0
564,0,0,88,0,0
564,0,76,0,0,0
480,60,90
912,0
176,0,0
801,0,0,0,801
801,0,486,315,0
801,0,0,396,45
504,0,35,0,0
504,14,0,0,0
854,112
464,48,184,0,0
280,0
280,0
130,60
130,30,0
430,45,0,385
297,0,0,0,0,0,0,0,0
297,99,0,0,0,0,0,0,0
297,99,0,0,0,0,0,0,0
297,99,0,0,0,0,0,0,0
297,0,0,54,0,0,0,0,0
976,976,0,0
976,0,976,0
976,0,0,0
532,0,0
532,0,0
532,0,0
465,0,0
465,0,0
868,12,0,136,0
845,50,0,340
126,0,0
297,297,0,0
297,0,0,0
297,0,0,0
297,297,0,0
1240,25,0,160,50,85,55,40,75,70,50,35,70,50
950,205,70,45,35,30,80,50,45,0,0,0,0,0,0,0
1140,0,0,150,0,0
1140,6,144,0,0,0,0
1015,10,340,70,65,65,65,55,140,35
1015,0,15,300,110,65,50,90,125,35
1195,200,110,95,70,35
252,0,0,0,0,0
252,0,0,0,0,0
252,0,0,0,0,0
252,0,0,0,0,0
240,0,0
240,0,30
240,0,0
870,0,0,85,120,0,105,0,0,0,0,0,0,0,225,330
615,85,0,0,0
615,415,0,0,10
690,18,0
1070,0,0,230,170,50,60,65,20
540,24,0,0,0
540,0,0,0,0
540,72,0,0,12
540,0,0,0,0,0
1188,0,0,0,0
1188,0,0,0,0
350,7,343
384,0,104,32
384,0,0,264,0
511,0,98
64,8,0
64,0,56
64,0,8
