0x1211087fb07060ddcc37828b8531f4e0b6076ef8ce789611dcc9b9e2c3005df5 1 0 0 800000000 0 0xFe47482BE91385520198c93A3A1e7676f7db1FdF 0.12789 0.43343
0xb434f81566ab6ff19d2ee44c1e421ae758ac73393d6cea197e6a0008c9c0eb78 2 0 0 800000000 0 0xFe47482BE91385520198c93A3A1e7676f7db1FdF 0.04394 0.27930
0xa9000f2171fb6fb9cc3ac14a67614bb3fe3e688d3e64e146938a49b1d905b183 3 0 0 800000000 0 0xFe47482BE91385520198c93A3A1e7676f7db1FdF 0.26425 1.12252
0x2b954df9c6eaf9f5bdc68e2beea9f53fe11e40d07d416f972a1aa283ba6613a4 4 0 0 800000000 0 0xFe47482BE91385520198c93A3A1e7676f7db1FdF 0.28362 1.55855
0x1c5762f9b27ba4afefba6687858954f2f103de48cbba77d059d1bc3334512918 5 0 0 800000000 0 0xFe47482BE91385520198c93A3A1e7676f7db1FdF 0.26829 0.94033
0x4635c56d4d0c985c0f5d87a75b98136613793c0329c355669f6f4c7470a5aff1 6 0 0 800000000 0 0xFe47482BE91385520198c93A3A1e7676f7db1FdF 0.17054 1.29410
0xc6576e1e33ad3ba6a92ca662b27c34980efb9101cd3182f9c173457ab3a6deff 7 0 0 800000000 0 0xFe47482BE91385520198c93A3A1e7676f7db1FdF 0.19499 0.80798
0xfb5d595e9057aa85d7b5427bc0b8b2f034041a85fd8cf3be1e44423511359b50 8 0 0 800000000 0 0xFe47482BE91385520198c93A3A1e7676f7db1FdF 0.20641 1.30874
0xc1b7d6965d8ff55e6d6b4eeb1854b8d66bb48d3783da291bddcd08c5e366bcb3 9 0 0 800000000 0 0xFe47482BE91385520198c93A3A1e7676f7db1FdF 0.19454 1.01809
0x337284b59811c98b8e30b4a6709b729c0b2b7f12f640b24ac8550148cf7e4893 10 0 0 800000000 0 0xFe47482BE91385520198c93A3A1e7676f7db1FdF 0.18059 1.15862
0xecdd8a076cd0f229ff349f03c6d8ebf05fcf74a3b0f13ae9765c5314794fa04a 11 0 0 800000000 0 0xFe47482BE91385520198c93A3A1e7676f7db1FdF 0.30143 1.12076
0xbff6922ac2daaf37efe04a0d16d65ac78c3f294ac83f3cc8225590d47e760065 12 0 0 800000000 0 0xFe47482BE91385520198c93A3A1e7676f7db1FdF 0.09701 0.57962
0xa519c3597759deeaf6e062f70a849a60000fec8ad193b92cc17b87cbc3a05536 13 0 0 800000000 0 0xFe47482BE91385520198c93A3A1e7676f7db1FdF 0.30374 1.31298
0xbd6cdcdef1b59c6dedccc5422fd1fae67fc0ab7e4008952d0dd14f32b4bb9f02 14 0 0 800000000 0 0xFe47482BE91385520198c93A3A1e7676f7db1FdF 0.28377 1.24845
0xc2fe51faf3d4fa002f79f5af0dbc711e2deea613ef3569f7ffe0b88b7d5f16c5 15 0 0 800000000 0 0xFe47482BE91385520198c93A3A1e7676f7db1FdF 0.18518 0.70871
0xad320ecb377ced30fb3ecfbaf45b7b030b8bc3fa2d0a1ab3d6888847f51b7369 16 0 0 800000000 0 0xFe47482BE91385520198c93A3A1e7676f7db1FdF 0.15566 1.11418
0x331bd491a9c71eca06f332691ecfe65ef4e44830534f3cb3427a1ed5ee337e3f 17 0 0 800000000 0 0xFe47482BE91385520198c93A3A1e7676f7db1FdF 0.24773 0.95542
0x166f439d38eddca54796865e92395f59f09425e6abb7537bef5ca6fab2ecdd2e 18 0 0 800000000 0 0xFe47482BE91385520198c93A3A1e7676f7db1FdF 0.20029 1.53527
0x1660d41b0618ec3cb90e37bd6ac24bfde61a1d934914bd8c8da07814fa4991fa 19 0 0 800000000 0 0xFe47482BE91385520198c93A3A1e7676f7db1FdF 0.30477 1.20322
0xaf79c455e75009b4ccb55212dafb39bccbe741b9557b479771ec379c0c446ad9 20 0 0 800000000 0 0xFe47482BE91385520198c93A3A1e7676f7db1FdF 0.11095 0.67590
