0xbaab34a9c8ac45fdcd7a26fb4b7f80de47eea643af85a3ab1b626f8a8f2ed350 1 0 0 800000000 0 0x8264dC2DF8CCbE039cFC706D08c87d98e2BdaEeD 0.15713 0.64083
0xc23d47b45b85cbbbed38f599a230b90487b8f5a2537c5a8e176e8e46eb74d1e3 2 126 0 800000000 312749388 0x8264dC2DF8CCbE039cFC706D08c87d98e2BdaEeD 1929.82005 2034.65626
0x3b534b979f1e683f7d6f1822c2d215a0b9288455d37dd04e853d5b213cb5ada9 3 15 0 800000000 37232070 0x8264dC2DF8CCbE039cFC706D08c87d98e2BdaEeD 178.08286 197.03315
0x3500eaa890af451c906223646431c2253e6240516744e2780fbbcdaf2f747e21 4 0 0 800000000 0 0xbd5e6823fB845151b633fDe0031F70Ab7CB19E48 0.15462 0.74515
0xfd6ebc135ad55ec50be20102f1370ca6a1527101a582bbb9ccfc9da6ca87ae57 4 0 0 800000000 0 0x8264dC2DF8CCbE039cFC706D08c87d98e2BdaEeD 0.12471 0.82033
0x9bd75869dff5999e1122cf6b804e8d2404c6b2be32089f3b843ba6785976ae7d 1 126 0 800000000 312749388 0x737F1513Ae8881a0EC9513bcDEb614D74e835A78 1513.43806 1583.54118
0x30a6f402ffb95cfe99a4baf46441e9425b1670636c0c536fcf7e996ebb380146 2 0 0 800000000 0 0x737F1513Ae8881a0EC9513bcDEb614D74e835A78 0.10886 0.64703
0x16bc7305b14f66434dbaa801d533c73f6c7ad1632d3a92071d3e7d3e85595149 3 15 0 800000000 37232070 0x737F1513Ae8881a0EC9513bcDEb614D74e835A78 207.87958 226.21026
0x0633211e2aef0a6644d11058903b5afff2f7bedd6fdf208917993ca680c4abab 4 0 0 800000000 0 0x737F1513Ae8881a0EC9513bcDEb614D74e835A78 0.10774 0.62387
0xde72fc25c56af5374ad5f3ecbbe79eafccaec8ec61c4a3ae68d556eb506a17ab 5 0 0 800000000 0 0x737F1513Ae8881a0EC9513bcDEb614D74e835A78 0.07634 87.79364
0xfc9f5c4e083ecbc1d4ff051436441b90a71ef831a660cf98c5055feb1bc17a7e 6 0 0 800000000 0 0x737F1513Ae8881a0EC9513bcDEb614D74e835A78 0.08027 0.63114
0xe7408f6b71d420d401c5300a9f364c087644925bc05057d47d9f09ff4ea59787 7 3 0 800000000 7446414 0x737F1513Ae8881a0EC9513bcDEb614D74e835A78 79.94400 87.86728
0xf68631c066917e9d15f9a09293281383eddbde16b02f1ab83ddd69a84c5d28fb 8 0 0 800000000 0 0x737F1513Ae8881a0EC9513bcDEb614D74e835A78 0.12991 0.74751
0x4f594e7d5d2b04eb14e4852293a80d0cee1bb479fa05e30d053e3bb9360aeeca 9 0 0 800000000 0 0x737F1513Ae8881a0EC9513bcDEb614D74e835A78 0.13068 0.71241
0x227620996d7d8244ccc6cd65094beb21d8073656ea51f268e1ee78659ef98f33 10 0 0 800000000 0 0x8264dC2DF8CCbE039cFC706D08c87d98e2BdaEeD 0.10542 2.11919
0xd714548eda80bc57c2e60cb4a57c212b28c88b91e0f2859ed8e21c6b4dec06f0 5 0 0 800000000 0 0xa73e4cDEC8CeE1E8102523c9f4219eFca1301868 0.18293 0.80483
0x9d0337c2edef72fa82a9972f5696ee01d365457bda8d070aeb09105f37892e08 11 0 0 800000000 0 0x8264dC2DF8CCbE039cFC706D08c87d98e2BdaEeD 0.14789 2.17162
0xfc004a1931e9b2890ebc7a15be7e41439a9e93a5a552e0e38674d58446a135a7 12 0 0 800000000 0 0x8264dC2DF8CCbE039cFC706D08c87d98e2BdaEeD 0.14375 0.77958
0x0790dc51cc296dc5fbac9c2239add5dcc8075b5ffe4fec783df362879abc0caa 13 0 0 800000000 0 0x737F1513Ae8881a0EC9513bcDEb614D74e835A78 0.11610 0.72175
0x2b2af86e2d0d1ab9500b99b9c0c7021f7f24916fa3f29ee49cbc2cef1fc6918b 14 0 0 800000000 0 0x8264dC2DF8CCbE039cFC706D08c87d98e2BdaEeD 0.10539 0.59923
0xaeae90d256355850d7ec814acefd4d04ebafb916393ab2a60836399334e0d0d6 15 0 0 800000000 0 0x737F1513Ae8881a0EC9513bcDEb614D74e835A78 0.11958 0.69374
0x43696c43bfed09667a2fcc069f8c969d8059f69bed026e654402974f3b998ab1 16 0 0 800000000 0 0xB479706256fF5bD48EBDFEfAC76559F34F2E5703 0.14110 0.71387
0x03ffbb4c7970d0ced99903ffec515f4c512542342954f4e31e1e4ea3baa6e214 17 0 0 800000000 0 0xa08c70f7328139FF6da6F2a1A70d3E8a14879491 0.12207 0.66839
0xf0699f3e86c8bbd962dcd3375dabb67c8b029fd1936dab74feddcdfc41a0b20a 18 0 0 800000000 0 0x737F1513Ae8881a0EC9513bcDEb614D74e835A78 0.10352 2.39212
0x943ad63133637c93c86a0d92d5842127055bfff0132d68c206e9884b2f326fa4 19 0 0 800000000 0 0x737F1513Ae8881a0EC9513bcDEb614D74e835A78 0.11367 2.33706
0xa3d966e84e015fdb61f699fab91e294a1258a0c232e52f21ca7f068c9d42a6af 20 0 0 800000000 0 0x737F1513Ae8881a0EC9513bcDEb614D74e835A78 0.11947 0.74340
0xadb44e82fbf518727e92c394f41a69918821ce82a82ab56e05a669c35c1e2312 21 0 0 800000000 0 0x737F1513Ae8881a0EC9513bcDEb614D74e835A78 0.09888 0.57821
0x75827d832e99d84d5440041986dc4015af60ee44a934bc8912ac0b2c3d17668c 22 0 0 800000000 0 0xbd5e6823fB845151b633fDe0031F70Ab7CB19E48 0.15112 1.04692
0x4b2f92d8f6c2bbbb96a650da7f8d374addf5555b11976bf66b74cbfed87a58be 23 0 0 800000000 0 0x737F1513Ae8881a0EC9513bcDEb614D74e835A78 0.09800 1.74669
0x3d79f7da6cd3d1d95c0a8e46467425a4109c1117a1bce63125034ce8a484000f 24 0 0 800000000 0 0x737F1513Ae8881a0EC9513bcDEb614D74e835A78 0.11080 1.60751
0xbbfa9d68094858564c991df52a86083265eedf71be5c898fc0e208743aa4cd08 25 0 0 800000000 0 0x737F1513Ae8881a0EC9513bcDEb614D74e835A78 0.12207 0.83849
0x3119df6fe13f825a97e3292907f16ecfe38e4b695f696fb26b6024adc0dbb4c5 26 0 0 800000000 0 0xa73e4cDEC8CeE1E8102523c9f4219eFca1301868 0.15019 4.09879
0xd226f5587c4697589d1c4b4fc2bdc133aa4ea76a136ac1afc86857f826ab6224 27 0 0 800000000 0 0x737F1513Ae8881a0EC9513bcDEb614D74e835A78 0.13365 2.52158
0x8a34d5c57c3e1c40a373e1c0e336518e0540ae24023ee296bbfae54ad89350ee 28 0 0 800000000 0 0x737F1513Ae8881a0EC9513bcDEb614D74e835A78 0.11759 2.19443
0x3c8b947bdf32f0f80c19b25775e111044513b34ce1ff6c92d7cdfd16a1bc3ba8 29 0 0 800000000 0 0x8264dC2DF8CCbE039cFC706D08c87d98e2BdaEeD 0.13326 0.72845
0x4bac9191fd3d8d31aee283b09a1c0aae5e2425426c2ffa072e68edb7a1e70294 30 0 0 800000000 0 0x737F1513Ae8881a0EC9513bcDEb614D74e835A78 0.12117 0.72685
0x747f1ced368f2b6e2f55c151d2f1cce095890965e4655f6fc8f877fdfa4c4a3a 31 0 0 800000000 0 0x737F1513Ae8881a0EC9513bcDEb614D74e835A78 0.17092 0.81687
0x4bb83a00434f28c970ff686d9e8600a6fbf593987246dad7d695169e9d52c9ce 32 0 0 800000000 0 0x737F1513Ae8881a0EC9513bcDEb614D74e835A78 0.13390 0.71794
0x07e8e88eb59553f0c583a2e081805fb797124b9908f205e132ad4adc8b548be0 33 0 0 800000000 0 0x737F1513Ae8881a0EC9513bcDEb614D74e835A78 0.11841 0.71393
0xb40efd14b2b12476210b5f7103b193d98dc4531d7300eeb63cc55774058fd51a 34 0 0 800000000 0 0x8264dC2DF8CCbE039cFC706D08c87d98e2BdaEeD 0.15654 0.79671
0x63b05fcd50ff1c2ab0782ae0a5b91b4d164de76296c3bb2bec970202a6f642a8 35 0 0 800000000 0 0x8264dC2DF8CCbE039cFC706D08c87d98e2BdaEeD 0.12002 0.76382
0x57ddb42653564500688d116c080c9102c7b14d7918b081a776174cd9252303ad 36 0 0 800000000 0 0xa08c70f7328139FF6da6F2a1A70d3E8a14879491 0.10112 0.54855
0xc08b14ad98258437fe8be2bce0cda5bdbfa9ecb628635f28439c2658d1a06c93 37 0 0 800000000 0 0xa73e4cDEC8CeE1E8102523c9f4219eFca1301868 0.11818 1.98080
0x01798efd2a2db06ede51e0f7044544b545673912c60dd17d12242751f3a56b03 38 0 0 800000000 0 0xa08c70f7328139FF6da6F2a1A70d3E8a14879491 0.14266 0.73055
0x93eac5aaadd35b3b3735b56cd53de2edb7688ec175826bf1409bb4f5b472392c 39 0 0 800000000 0 0xa73e4cDEC8CeE1E8102523c9f4219eFca1301868 0.13754 0.82843
0x65c896ebc4ea42ad473c518921e4ebda71eaf4c0643da2ffbd45f8fc05bb8415 40 0 0 800000000 0 0x55613471e11325aa70426a7388A2497f3cA4D769 0.15341 0.86182
0x8642efcbfe4ee21e1341915d9f9bf7a2e363d9f87641fb3700ed51ea1b67b5fe 41 0 0 800000000 0 0x737F1513Ae8881a0EC9513bcDEb614D74e835A78 0.18499 0.82760
0x9b2692483c96779c7c636bd48949d0a9f815cc089c931794348d41633521a97d 42 0 0 800000000 0 0x55613471e11325aa70426a7388A2497f3cA4D769 0.14072 1.80542
0x982f5494150f4384017291c72ff8c6f31bb1e34893cf20f42a78894bdbac411c 43 0 0 800000000 0 0x737F1513Ae8881a0EC9513bcDEb614D74e835A78 0.14322 0.73030
0x6837dc84096263ef2239ac1493d3d14a64bdff2db60af022fe01a796b78c6f9f 44 0 0 800000000 0 0x737F1513Ae8881a0EC9513bcDEb614D74e835A78 0.20322 0.87562
0xb5ab69dc77d9632c8ffab9fc612f286aa238d6463bceb1e7d6454e14a09b84f1 45 0 0 800000000 0 0x8264dC2DF8CCbE039cFC706D08c87d98e2BdaEeD 0.12410 0.66553
0x41256fd20fb3f49ecade0196f27ce7ff6859b8d1c572112d4b2a328bf3e1fdc3 46 0 0 800000000 0 0xbd5e6823fB845151b633fDe0031F70Ab7CB19E48 0.15931 0.73790
0xfc0700488090948769183f11151db14f98bbe3abd71ac9e47079b96681a3a197 47 0 0 800000000 0 0x8264dC2DF8CCbE039cFC706D08c87d98e2BdaEeD 0.13181 0.91533
0x89432de51073d92d4ed8b2644dfa8a3dda621ec8e882ec35c3a997fe3fd2cc94 48 0 0 800000000 0 0xa08c70f7328139FF6da6F2a1A70d3E8a14879491 0.12395 0.80453
0xed936818067cf0894ac01be38fdf0edd67555300368e212e198e146105e94bef 49 0 0 800000000 0 0x8264dC2DF8CCbE039cFC706D08c87d98e2BdaEeD 0.10215 0.56149
0xcca233e790e0e802eadd52c408d455794cc8821a253d59b6f6d78a38003a5dda 50 0 0 800000000 0 0x737F1513Ae8881a0EC9513bcDEb614D74e835A78 0.12843 0.69776
0x577209443a6d9d7d9545f7f1985b1c2e22395aa6c189a4c8c3d6a992d2980e6d 51 0 0 800000000 0 0x737F1513Ae8881a0EC9513bcDEb614D74e835A78 0.11603 0.71932
0x93b86ac63d17263fd71eb0e1d2e3c60bde998e000eb7a1723a57c14e1a368faa 52 0 0 800000000 0 0xa73e4cDEC8CeE1E8102523c9f4219eFca1301868 0.13782 0.78778
0xb096e3de582d89d4dc6eed87d6035e9606a1435298e1791a780bb8b69c4699d6 53 0 0 800000000 0 0x737F1513Ae8881a0EC9513bcDEb614D74e835A78 0.15292 0.72020
0xaa50bc7042a1657b626c288f235e42c5f208961301069f44559019d881bd54ee 54 0 0 800000000 0 0x737F1513Ae8881a0EC9513bcDEb614D74e835A78 0.15046 0.77974
0x18a672fb403d27756e9621a3351b033c2ae9e5dc8a12894c60a28c2983531cd4 55 0 0 800000000 0 0x4Dfb9205dC101Db8EaEfd53fC8d2E67EA3857E18 0.13237 0.70280
0x570b884778db2aa4141878b0dee7d26f63b06e769fb8071e0bf05af213e33f77 56 0 0 800000000 0 0x737F1513Ae8881a0EC9513bcDEb614D74e835A78 0.12247 0.70522
0xde12683ac7ce71d9f0f930625dbdd322ca560d9f899740324840bcf005e81d5a 57 0 0 800000000 0 0xCfe5069D46FEe9EE02f8DDF9890b526f3f6DbAbD 0.13569 0.81518
0x7b0b8a7e47b2341eb8aa84c0e237ea7a4839a020ec39824be14d960eccc67bc5 58 0 0 800000000 0 0xB479706256fF5bD48EBDFEfAC76559F34F2E5703 0.16076 0.89356
0xfe72202464fa8e3a9f6425923e583a921bc96bb819d3458dc87be83a220a65cd 58 0 0 800000000 0 0x5c6c5E80cb650CB66B48ab594ac8C2af2F2FFADf 0.11924 0.62752
0x71dd23255f12e66385304d4ccd7abed86b10da1a95d7b74dadd43c7daeb06684 59 0 0 800000000 0 0xB479706256fF5bD48EBDFEfAC76559F34F2E5703 0.18558 0.99742
0x07e1769bbb4160e44e6192044cb3646bc2155fa467236ea246f77a610fd52b4c 60 0 0 800000000 0 0x76D1aF7aC51134707802b71CBdCa8b58Af406A89 0.09995 1.82510
0x617004a4400c479c95058584827a8209c41d2c8c13f26d5a781cd29a40a4e6ae 61 0 0 800000000 0 0xa73e4cDEC8CeE1E8102523c9f4219eFca1301868 0.25854 0.99371
0xb1b3d53a5db821c57cd0fe77cfc5eae11716a849468d36f7d0c774c706df5636 62 0 0 800000000 0 0x4Dfb9205dC101Db8EaEfd53fC8d2E67EA3857E18 0.13034 0.79668
0x94cf1dc4e930b1cd125691446c6397cb925ef6bcc1ff94b115e964a4d63e3516 63 0 0 800000000 0 0xa08c70f7328139FF6da6F2a1A70d3E8a14879491 0.11845 0.68397
0x6bf82272fb7a99578e3d65859985e58632c1d61a1075711577aa4a92416c120f 64 0 0 800000000 0 0x55613471e11325aa70426a7388A2497f3cA4D769 0.17534 0.85828
0x5746ef95638fd4cad07e6d67f617f53d5a696546e5eaa862aca10eaa57645333 65 0 0 800000000 0 0x00f2bC6590Ad92681E1AFBE653c81896ed234e31 0.11467 0.61211
0xaebf9c5e0fa434591b21bfd422e2d17dd7e8f68a7b41cee959612cf71ab86480 66 0 0 800000000 0 0x737F1513Ae8881a0EC9513bcDEb614D74e835A78 0.09540 2.75393
0x9772a795e4eaae660f1d6e500334b04f4f376cf67f9056da4bc2f535ff69d3b8 67 0 0 800000000 0 0xa73e4cDEC8CeE1E8102523c9f4219eFca1301868 0.14122 0.71721
0x639ca0029bc14415bba153a04fa875603550f44678370c9f3cd5df8ab7f32d72 68 0 0 800000000 0 0x93360F8D47A06D98601c702315E22782757DaDE4 0.11863 0.67917
0x89972f37bccbc0b9ca1543dcc3f9c9a44f9f8fd312b3640c39e29db27af10632 69 0 0 800000000 0 0xbd5e6823fB845151b633fDe0031F70Ab7CB19E48 0.13162 0.77386
0x0191748afa8b4dbbabf05d8dc2b728e980b1722f99dc8a1130acc71ee0101b3c 70 0 0 800000000 0 0xa08c70f7328139FF6da6F2a1A70d3E8a14879491 0.11550 2.61808
0x8576b859713d6e9ec7d5b6a7530f6b0b9b051908697d39c9a5643f4b0d4a0a2b 71 0 0 800000000 0 0x08f25E63785D374CF0d5CDEfb84693c784A34565 0.09715 0.53751
0x17fb10873375bae631657f559c3973a8a979b5e0521c54c5d89c731519042aa1 72 0 0 800000000 0 0x737F1513Ae8881a0EC9513bcDEb614D74e835A78 0.11354 3.02871
0x0deb9a53f3f5fc41ee3a881f5eeba4f8b325fb3f5653bf22c9891c145779a8b5 73 0 0 800000000 0 0x5c6c5E80cb650CB66B48ab594ac8C2af2F2FFADf 0.11706 1.73258
0x12296266863b8244855f00aed275ab0f3335385a0afe8dce9b97cf46cb40ac58 74 0 0 800000000 0 0x4Dfb9205dC101Db8EaEfd53fC8d2E67EA3857E18 0.13723 0.79934
0xe84d5fd403b06e4b1443dd947742f2a80152b5672a4edae1161e1cc8fe7f26de 75 0 0 800000000 0 0xbd5e6823fB845151b633fDe0031F70Ab7CB19E48 0.13405 0.82214
0x308b9a7e7d6f1a37714fb6a55d2944de12c80323c9a7b29c7d89721ad5128b77 76 0 0 800000000 0 0x737F1513Ae8881a0EC9513bcDEb614D74e835A78 0.12132 0.66992
0xc0b8ec7ee19f9a2d3054e881e37d26751a5d0db5a487e1e20c0cb4ed41c2b15b 77 0 0 800000000 0 0xa08c70f7328139FF6da6F2a1A70d3E8a14879491 0.12034 0.72386
0x1c400b62fafdf569683be61775bc7223972e1e97f652bd1d1d036e9dfa009e36 78 0 0 800000000 0 0x05c591e3439fEdD5FA4FAD223Fc4e59D86aa7DC7 0.11253 0.67657
0xb27424a226138fbed8eba041573a4f6c5b89018479147436d501501be7bc70a7 79 0 0 800000000 0 0x5c6c5E80cb650CB66B48ab594ac8C2af2F2FFADf 0.14496 0.62838
0xf77379723c7e8d5fb0b55fc5a31ea354a334be67419b14cf28af8496e8aa7b57 80 0 0 800000000 0 0x5c6c5E80cb650CB66B48ab594ac8C2af2F2FFADf 0.14812 0.69901
0x7375f34cc2857c8e3ec8f2135e6474b127dba1c6b7aeafcd1f61fc48da10c4e2 81 0 0 800000000 0 0x4Dfb9205dC101Db8EaEfd53fC8d2E67EA3857E18 0.10064 0.69911
0x41bc64a3a65be8678afa2ad8c53b422a91ce7a6ad4600d64d72aaa5947496862 82 0 0 800000000 0 0x4Dfb9205dC101Db8EaEfd53fC8d2E67EA3857E18 0.11709 5.44462
0xa0c73af1e1a7301a20c389d5503823a340038193b0075438e285333265a7f3c8 83 0 0 800000000 0 0xa73e4cDEC8CeE1E8102523c9f4219eFca1301868 0.13259 0.81354
0xc9c417034c23aad47e4360ae7b89a330cc3ad66a22740e432fc20b09bb3ccf3e 84 0 0 800000000 0 0x76D1aF7aC51134707802b71CBdCa8b58Af406A89 0.12600 0.81487
0x7b833f0ba6cdcee74df0a994bfe02abd3484f0b8250ae9405fdd94623c658aa9 85 0 0 800000000 0 0x05c591e3439fEdD5FA4FAD223Fc4e59D86aa7DC7 0.14084 0.80206
0xdd8227e094d5dab51e57de301fe2272163a22d3733afd46bc29ca6873c4b893c 86 0 0 800000000 0 0x05c591e3439fEdD5FA4FAD223Fc4e59D86aa7DC7 0.12407 1.95975
0xe6a46d2c163ab2de7bd2d9f34882a0b375493f71b341a846939357380a30d887 87 0 0 800000000 0 0x2f2Ef10b7Ef485579344797f058462A567838542 0.12026 0.71349
0x97d4f865f55ea5c4c511b6f383e02008ee44917e50c632b33fb17cf788a02053 88 0 0 800000000 0 0x55613471e11325aa70426a7388A2497f3cA4D769 0.13761 5.03283
0x97b62b0563022c535803fde135bbde848214fa672cc65ed268d73db6a32a1cc1 89 0 0 800000000 0 0x737F1513Ae8881a0EC9513bcDEb614D74e835A78 0.11038 0.73092
0xbcbd2f7e8b9648bc2a023045d6efa97dbad8eba8c057872b1f32027c43881fa9 90 0 0 800000000 0 0xa73e4cDEC8CeE1E8102523c9f4219eFca1301868 0.17234 0.81465
0xfd69b44ee19d6f537beaae7c5c2c13db9ee52bfaf695b90c34b6588523ac7b64 91 0 0 800000000 0 0x20F9130D298d062078DcAd6C8DfE8edb8Ab169Cb 0.13137 0.66316
0xbd31da4724465ed626b837f7e704c3f609a18e169f57de4d2885d7ec57cb4ff9 92 0 0 800000000 0 0x76D1aF7aC51134707802b71CBdCa8b58Af406A89 0.12724 0.58517
0xabebf169ffa7323518d5749f542dddc7eaf7855a8d8de51e98fca05e5e2a2a00 93 0 0 800000000 0 0xbd5e6823fB845151b633fDe0031F70Ab7CB19E48 0.11249 4.37614
0xbb4421916a8ee31bc08184141490b65ce1134ee5a0ed15c8ec06fdab7ccdb1e5 94 0 0 800000000 0 0x44306131f3054487f32CD742583Db0Ed7a2b2Eb3 0.16830 0.76087
0x98dc95a2071e4b919cbd5201fe300b571506f97589751d91601d738ed46bef3c 95 0 0 800000000 0 0x55613471e11325aa70426a7388A2497f3cA4D769 0.15538 0.73566
0xfe66d5b351415e070f78a057fb21026ce589c21d705c763e72c1f443cc3d2f80 96 0 0 800000000 0 0x737F1513Ae8881a0EC9513bcDEb614D74e835A78 0.05345 0.44915
0xbb31d2f9289b194f1cd5bcabea412338c09c011b25cda559ca3de1eabb004ea8 97 0 0 800000000 0 0x737F1513Ae8881a0EC9513bcDEb614D74e835A78 0.15070 0.81533
0xf5a0a981bc10d72a088d3fb0ff3ee53e955422c33eeaa12c5044751e15bf6ce9 98 0 0 800000000 0 0x20F9130D298d062078DcAd6C8DfE8edb8Ab169Cb 0.17264 0.82227
0x0042853bd6379996bc8bda2954103cb129df728ba385c660a7b81d12eae7ac1b 99 0 0 800000000 0 0x20F9130D298d062078DcAd6C8DfE8edb8Ab169Cb 0.12998 1.47762
0x1798fdbdda816bd5cf1c0ad6b80dce81df4612b2342981e9585db2c99fcb9129 100 0 0 800000000 0 0xbd5e6823fB845151b633fDe0031F70Ab7CB19E48 0.13338 0.76957
0x526aefe46dd067c3d2452b98bc6480a5786b0d733441fa1ddc691101fe443886 101 0 0 800000000 0 0xbd5e6823fB845151b633fDe0031F70Ab7CB19E48 0.12541 0.68415
0x18f13e5dfd0f258e615328fcd3a664670e0bb9768b8844636a1a26d61d453f42 102 0 0 800000000 0 0x8264dC2DF8CCbE039cFC706D08c87d98e2BdaEeD 0.10680 0.57506
0x7f7a5565b67ce78baef0bba35324488a40303d1ff7c57b8e2667aa00384f816c 103 0 0 800000000 0 0x87EA027bda730e38e3535567EEEF9474778767B9 0.06762 5.31536
0x16ae18a270b7c3220c3f65c7a899abcccc9e1076252e957c91b0cae1846652fd 104 0 0 800000000 0 0x87EA027bda730e38e3535567EEEF9474778767B9 0.10837 0.58551
0x24f00ef36fa6faf2e356e38b8092a231f87c0c080c6279f7b665a53eec0ba062 103 0 0 800000000 0 0x8264dC2DF8CCbE039cFC706D08c87d98e2BdaEeD 0.10993 1.70983
0xb48a954c2a779a536b320009a6bf92a854cf2ef9d9cfa32c0703a435458bccb5 105 0 0 800000000 0 0xbd5e6823fB845151b633fDe0031F70Ab7CB19E48 0.21308 1.08369
0xa88c3103fb1787f335cdbba7da07033b4076443d9d80b5815d878ff52ac9377b 106 0 0 800000000 0 0x737F1513Ae8881a0EC9513bcDEb614D74e835A78 0.14790 0.92941
0x073834f4d2f761c5797492c5eb0df0149b312fe9540a639ccd022f92fc42f6a3 107 263 0 800000000 5594536 0x8264dC2DF8CCbE039cFC706D08c87d98e2BdaEeD 103.08211 110.42123
0xf86973fb7be16baff2df08d4b603faaee9d8558125c8e126fe04735458d17bc7 107 263 0 800000000 5594536 0x87EA027bda730e38e3535567EEEF9474778767B9 81.03766 94.06512
0xc04071c4721a87e819de8198aa04994e343e415afb6ca5267965ab8b4afee3ff 108 2661 0 800000000 56604792 0x737F1513Ae8881a0EC9513bcDEb614D74e835A78 840.00647 905.50555
0xfce6076bddfc61a58eb119574a9f3f05fa7a51a8dbf67d5a93d39d01b7ea193f 109 880 0 800000000 18719360 0xB479706256fF5bD48EBDFEfAC76559F34F2E5703 178.20092 205.83666
0xb76057a8eb35676a4196efd7f979be8e5e64133e6e427cdf39b6fd936b8d79d4 110 1195 0 800000000 25420040 0x737F1513Ae8881a0EC9513bcDEb614D74e835A78 383.77942 411.26642
0xebaaba9a127dae043a72b33c13768d7d62f6a6cb2899a1b88df0d6c7c7a0c45f 111 1526 0 800000000 32461072 0x737F1513Ae8881a0EC9513bcDEb614D74e835A78 402.33106 432.12511
0x85b444e2eeb3b103a9f5b612e39683df178e8422284ce98f88ea32e00f1c0b82 112 186 0 800000000 3956592 0x737F1513Ae8881a0EC9513bcDEb614D74e835A78 110.11713 116.73209
0x00b8fb9d584bd758398a2116f24b65f17ad2de765df41f1eb192025a5a6c69ea 113 1979 0 800000000 42097288 0xa73e4cDEC8CeE1E8102523c9f4219eFca1301868 854.26544 908.96917
0x93796cd50316285b9cc7ce84216931592a093bcc29be20c35327fa6dba9a0c1f 114 1252 0 800000000 26632544 0x55613471e11325aa70426a7388A2497f3cA4D769 244.77278 270.21931
0x2b0a52e288e2b44c3dc3eb10b41c1eef227a8d6bc094c1889b7326856c9f55e0 114 1453 0 800000000 30908216 0x737F1513Ae8881a0EC9513bcDEb614D74e835A78 227.63318 360.37207
0x88109a04b073cac4d9e5a5403e87539e58f5961375829a659f6d64c7413704e6 115 1493 0 800000000 31759096 0x87EA027bda730e38e3535567EEEF9474778767B9 376.40524 446.32195
0xd4966cccc8022d3e714fe27c1a504b76584e916b0820f7dd971097424b5d6b3a 116 4068 0 800000000 86534496 0x737F1513Ae8881a0EC9513bcDEb614D74e835A78 1253.99302 1349.05249
0x0b08ec71cacc3a9bff6c97aa054a2b30713177cb727c3f9d97afb5b8e8a88991 117 31 0 800000000 659432 0x737F1513Ae8881a0EC9513bcDEb614D74e835A78 9.35839 10.86071
0x1f81ee004bece1eb8c525719e55e1f1198e3d8dee6ac23bd28a1f58b981ad159 118 129 0 800000000 2744088 0x8264dC2DF8CCbE039cFC706D08c87d98e2BdaEeD 60.60178 63.71443
0xb68e1855a8a0dc4cd71c5da9680ee1d690fd5521793858c792396b0caf1493e6 119 194 0 800000000 4126768 0xa08c70f7328139FF6da6F2a1A70d3E8a14879491 96.56052 101.54660
0xae87d9962efb1564235ac9c8167df74f93593be9a7ca808af5a04d191fe354d2 120 212 0 800000000 4509664 0xB479706256fF5bD48EBDFEfAC76559F34F2E5703 63.55864 69.07241
0x0b1b3979f6e7e26f82425fce4cbd3091476cf72ae942bb3c0f18fc85b69d3c57 121 276 0 800000000 5871072 0x737F1513Ae8881a0EC9513bcDEb614D74e835A78 88.21721 94.01047
0xee9cae192900fa98bf60dca9270a625645f75c8a4aa81bb19733bd253c0a972b 122 27 0 800000000 574344 0x737F1513Ae8881a0EC9513bcDEb614D74e835A78 13.18626 14.56014
0xf0169adbcc9582f6a2a6a20e147879a60f3d6e8310e3d26eac981ce21f7a79b1 123 372 0 800000000 7913184 0xa73e4cDEC8CeE1E8102523c9f4219eFca1301868 48.97631 56.35605
0x8c6b3c3bd10a201fc90469afeff75d95d9e35079e02629cc9d3f2558d5da6fe1 124 30 0 800000000 638160 0x737F1513Ae8881a0EC9513bcDEb614D74e835A78 12.24025 13.94145
0xb00000d1d9261a46f7332b05ab594f457908996ccb0c310be2fcad0f5dfc93bc 125 54 0 800000000 1148688 0x737F1513Ae8881a0EC9513bcDEb614D74e835A78 19.58362 21.41003
0x78579393677df34e46c14b01d15294ab0384f39523425c051aa9e3425dfe8a59 126 18 0 800000000 382896 0x737F1513Ae8881a0EC9513bcDEb614D74e835A78 7.17726 9.59214
0x0cde1a3bc0e78e2ebdde98554874061a43cf0e2a5a604f33e80a1e0536f0a10a 127 239 0 800000000 5084008 0x8264dC2DF8CCbE039cFC706D08c87d98e2BdaEeD 71.51808 77.35505
0x3edc7cba92dfc0cfa31993c29c2b7265368e69ae1af674a924510d2a71753e42 128 78 0 800000000 1659216 0x8264dC2DF8CCbE039cFC706D08c87d98e2BdaEeD 19.86504 22.13376
0xea097d72c3f9dbb07b98016428cbb0d79bf897f6e4f50f252a9106c865ae139c 129 93 0 800000000 1978296 0xa08c70f7328139FF6da6F2a1A70d3E8a14879491 61.02847 64.37173
0x8699958cd2b9767a0033670055b3838f7055dfcd9339fd29c7a5d1b4676cad75 130 244 0 800000000 5190368 0xB479706256fF5bD48EBDFEfAC76559F34F2E5703 89.72078 95.17812
0x799b191e902f02be4a303104b11e0629b9302813005f2c921dfd3da5a7a6a916 131 8 0 800000000 170176 0xa08c70f7328139FF6da6F2a1A70d3E8a14879491 3.26873 4.40968
0x3fd8c50a1d07df2c22b8272523734d8cb06291c208447f25d025fe9888eadf8b 132 621 0 800000000 13209912 0x5c6c5E80cb650CB66B48ab594ac8C2af2F2FFADf 83.47690 95.35441
0x0db1943e46f586b0f26d3bf96c0208633ad73ca9057985d3e36fc8ce6f46f9cc 133 43 0 800000000 914696 0xB479706256fF5bD48EBDFEfAC76559F34F2E5703 49.14742 51.79201
0xe7f1389d8b6f9fc12e502459da6ffe3d436250b6ca6ca5219a551ca8f85b5d33 134 500 0 800000000 10636000 0x4Dfb9205dC101Db8EaEfd53fC8d2E67EA3857E18 119.15053 128.92745
0x718b59d741280647351e5c52073946844b2b77922452178c1f555302b02e2c91 135 714 0 800000000 15188208 0x08f25E63785D374CF0d5CDEfb84693c784A34565 217.10927 230.89400
0x309448de6aa517a21d1bb62c3ea3c38adaad59e8f5630cdff4c4af972cce42a2 136 332 0 800000000 7062304 0xa73e4cDEC8CeE1E8102523c9f4219eFca1301868 46.18489 53.15656
0xf6109e3c78ecbc4dc570d29c041b3cee81befe4210eec711021fafc372761dee 137 544 0 800000000 11571968 0x05c591e3439fEdD5FA4FAD223Fc4e59D86aa7DC7 73.73872 84.45015
0x528afb44422f2987196c24966f3c0691a99de189258c2a91deb3885cbb719fed 138 773 0 800000000 16443256 0x76D1aF7aC51134707802b71CBdCa8b58Af406A89 306.35107 321.17488
0xba1c06e04617c6037034d8b1bd418223026b7a5b7b5df718fa1c500d8220bb89 139 685 0 800000000 14571320 0x55613471e11325aa70426a7388A2497f3cA4D769 235.74750 248.82231
0xac52bc13d2f5c8ffbb1661e7e4863dff4e73362bcb912103452b4fcad91aa0ca 140 644 0 800000000 13699168 0xbd5e6823fB845151b633fDe0031F70Ab7CB19E48 224.48423 237.09257
0x8e7c25390041eedbbb56874ab9eb0b41e015acf0e304dab775fa54ebae59957a 141 281 0 800000000 5977432 0x8264dC2DF8CCbE039cFC706D08c87d98e2BdaEeD 100.13126 106.43439
0x22a2cb08c469953087d7be6b2b7e061cad7c78a08fefd0df8fbb361bfb4ad03e 141 887 0 800000000 18868264 0x87EA027bda730e38e3535567EEEF9474778767B9 269.28676 364.09917
0xafeb6373eb8dae68d22d07f312ce12e20a35ba70eaf89156481c6774ebe115e7 142 4 0 800000000 85088 0x737F1513Ae8881a0EC9513bcDEb614D74e835A78 11.69997 61.97573
0x40d5e795d9566bb4d597d3ac805cbb560fcfb249bf812e3272cedf4bb4aa57a9 143 617 0 800000000 13124824 0x55613471e11325aa70426a7388A2497f3cA4D769 112.63080 124.97194
0x4c7d7ffa80859a163d8bb8b44e66fb4248332a40f9d7051e162a4e3665c015a8 144 108 0 800000000 2297376 0xbd5e6823fB845151b633fDe0031F70Ab7CB19E48 36.72678 40.09912
0xb6edeff7d54298530fbd3d829369a8c14661f85eafc94375c99f82efc9354d4f 145 18 0 800000000 382896 0x737F1513Ae8881a0EC9513bcDEb614D74e835A78 4.44348 6.62263
0xbe66c96bdb1e77b53017739ed5b13f6db75b5bfec387f65f5056b65d9ac8910d 146 261 0 800000000 5551992 0x737F1513Ae8881a0EC9513bcDEb614D74e835A78 96.85059 103.81687
0x1d311fd360b81216142fc83bd6ccd9e9adc8a820ffac5a3a6e577fda5bd3ce92 147 140 0 800000000 2978080 0x8264dC2DF8CCbE039cFC706D08c87d98e2BdaEeD 38.57996 42.75541
0x223214d722cd7f5e818d5e4efc8f21ee4425b6b609c5808d642c3fd072d436eb 148 742 0 800000000 15783824 0xB479706256fF5bD48EBDFEfAC76559F34F2E5703 112.56779 128.15229
0xb33cf3adc14ca3faa897c85720de31e819fcf09707fa3d5f596d4348be5abb00 149 953 0 800000000 20272216 0xa08c70f7328139FF6da6F2a1A70d3E8a14879491 153.05688 171.49140
0xbf7407a3c9898f24dcf23238f413fcfd47b15bebd757c4f6b4762249a89aaf7d 150 495 0 800000000 10529640 0xa08c70f7328139FF6da6F2a1A70d3E8a14879491 106.59343 122.74227
0xe0cf21cdcc859dcb15b64958886b030d4491dc6edade223177cef3c066e65d5c 151 987 0 800000000 20995464 0xa73e4cDEC8CeE1E8102523c9f4219eFca1301868 246.66011 276.14468
0x80b45e8f939bb154597631bd804f8adbb95bb7e7939a75551f16d0bd3df086b0 152 411 0 800000000 8742792 0x737F1513Ae8881a0EC9513bcDEb614D74e835A78 85.63964 94.51449
0x3cb69a3ff51caeec91672b5acccf3ad3b1f30db0c83410158f2f69f07b07aede 153 85 0 800000000 1808120 0x5c6c5E80cb650CB66B48ab594ac8C2af2F2FFADf 30.87700 34.38633
0x71d4cbeec2c2988f857e8fc9e10df3c455cf30b0e6dbb612dd9eac2719628834 154 1151 0 800000000 24484072 0x20F9130D298d062078DcAd6C8DfE8edb8Ab169Cb 271.26156 292.96244
0xe011982b659cfc14b38a24633c5eb7d9a73e994b871d1a0b3596bcedb2d340c5 155 50 0 800000000 1063600 0xbd5e6823fB845151b633fDe0031F70Ab7CB19E48 26.41999 29.37319
0xa0294209747c31f372fcb7400b75515e4406559833edb31798890d385d37eea9 156 380 0 800000000 8083360 0x8264dC2DF8CCbE039cFC706D08c87d98e2BdaEeD 61.80431 70.11290
0xa2db41f15fda42cc17831638e5952706e12c279431f5de924b7cbd23a86f7c2d 157 439 0 800000000 9338408 0xa73e4cDEC8CeE1E8102523c9f4219eFca1301868 94.58553 104.77135
0x809e47c35039a2f3d67639441e932d05114a0c25657829467aca356416a15dae 158 706 0 800000000 15018032 0x05c591e3439fEdD5FA4FAD223Fc4e59D86aa7DC7 282.06483 296.20312
0x36a69f36e227d0295b18bd5d3b7fce3df52d5a9fce87f961663352a6f178f048 159 192 0 800000000 4084224 0x76D1aF7aC51134707802b71CBdCa8b58Af406A89 84.36797 89.38644
0x291a1b84f216658d3846356ad2472a7c4e9d2f174ed444bd0b2ef89657e337aa 160 257 0 800000000 5466904 0x737F1513Ae8881a0EC9513bcDEb614D74e835A78 55.58810 63.47445
0x81c73aab6bb65c4c7ecc1925f3444f6e8d0aa5d37fbee001aa45bffa57adaeaf 161 92 0 800000000 1957024 0x20F9130D298d062078DcAd6C8DfE8edb8Ab169Cb 39.27839 43.07806
0x62130e1a2415bab7ee8cb91ab4a832b56823c279661304fe1ad04dda82a01ebe 162 25 0 800000000 531800 0xbd5e6823fB845151b633fDe0031F70Ab7CB19E48 11.93328 14.12672
0x64222dc3a6d107dbad624bc32250d3b6902ea09743a25849c1c290899648c75d 163 290 0 800000000 6168880 0x737F1513Ae8881a0EC9513bcDEb614D74e835A78 64.13463 72.76141
0xc6bba980de8285919129d348b3a1c82d3ce39e0f0caebb09272c0a7366d354ca 164 14 0 800000000 297808 0x8264dC2DF8CCbE039cFC706D08c87d98e2BdaEeD 3.23399 5.06630
0x6ae9ae0ae4c8049f8326c485e8a4ad4c334d26e10b0b55b9ee02f96f263e479e 165 78 0 800000000 1659216 0xbd5e6823fB845151b633fDe0031F70Ab7CB19E48 36.30630 39.73678
0xc19c161fb6b624c93ae6b186f26a9db985724a1fb0a939e5cc08af662c883fc4 166 489 0 800000000 10402008 0x8264dC2DF8CCbE039cFC706D08c87d98e2BdaEeD 151.13031 161.45414
0xb1429b8c1aef3ce646d34dda5d17518cdb9ba78513a987178dd4ded082167768 167 26 0 800000000 553072 0x8264dC2DF8CCbE039cFC706D08c87d98e2BdaEeD 9.54464 11.86406
0xab9f82df7983aec0d813adecba441f1107a922d1002595c423ff98234a9c8929 168 760 0 800000000 16166720 0x737F1513Ae8881a0EC9513bcDEb614D74e835A78 383.90315 403.54410
0x8eb5fc8555743ba13e355785811738aff2656426aec5bae272fccdb8ba2b48f2 169 321 0 800000000 6828312 0x737F1513Ae8881a0EC9513bcDEb614D74e835A78 46.70661 54.01404
0x31ecfe3e392eb022b23b10dc2fa774c21cb76e2793f5b71166531971761952fb 170 1664 0 800000000 35396608 0x737F1513Ae8881a0EC9513bcDEb614D74e835A78 634.21867 666.24123
0x6f37b75d2ed3cc0716cceb0f23be78d720381b18d98ea948c2d0e8527737f24a 171 518 0 800000000 11018896 0x737F1513Ae8881a0EC9513bcDEb614D74e835A78 104.64081 117.38698
0x8ea1c16bae605bb23b2510b354c3e9981d2ae67357b1d7f5f93574af89cfecfe 172 197 0 800000000 4190584 0x8264dC2DF8CCbE039cFC706D08c87d98e2BdaEeD 69.44347 75.36758
0x226aac7b7d3994688f12146455cd6ad3e783130e249908b6ea30cbdfe9824a13 173 499 0 800000000 10614728 0xa08c70f7328139FF6da6F2a1A70d3E8a14879491 72.73369 83.18891
0xbd807a7a3733a2be082e500276090a9d8af0e3372c51f6612fb3ec1ebcab7968 174 68 0 800000000 1446496 0x87EA027bda730e38e3535567EEEF9474778767B9 13.63436 16.32716
0xdeae804a75f075c9adae6d73ac3977ff3b41388e600d36d9a74a6fcf36e323b5 175 695 0 800000000 14784040 0x8264dC2DF8CCbE039cFC706D08c87d98e2BdaEeD 236.85872 257.87328
0xb93161e4c138f47a4fc4552c19833472f0924d922f6e9ae7e4abc0d43c2753c0 176 724 0 800000000 15400928 0x737F1513Ae8881a0EC9513bcDEb614D74e835A78 108.71694 124.06603
0x5f8db62cb121e19446a50709f1d5e3c815157fb784d86463054ff8e444309ba6 177 463 0 800000000 9848936 0x737F1513Ae8881a0EC9513bcDEb614D74e835A78 129.19103 141.77217
0x46ab0946409e3d3a2e855bd6a9789e8f896f5cf536f96ef68f5be82b5d05692b 178 752 0 800000000 15996544 0xa08c70f7328139FF6da6F2a1A70d3E8a14879491 129.98030 145.79596
0xca14eb146f06e8e870dd06ff92c4b3ccb4b8c08b112833d39faf6f08f4fc9374 179 43 0 800000000 914696 0x8264dC2DF8CCbE039cFC706D08c87d98e2BdaEeD 15.37869 17.75589
0x4667192a318b0d3ac8393e0dc708693787ea38b86bc18e1bedec452fe9cee455 180 333 0 800000000 7083576 0x737F1513Ae8881a0EC9513bcDEb614D74e835A78 313.57164 321.31590
0x21dbcd54baefc73ab18d00276457ee219bfcf6fcc37e5ee14a1407aaeab99d06 181 146 0 800000000 3105712 0xB479706256fF5bD48EBDFEfAC76559F34F2E5703 61.00195 65.96673
0xe41d59d84d36e0025587e973e59f12fe4f7a27912f67f666b4b8f40d413ee0a9 182 890 0 800000000 18932080 0x737F1513Ae8881a0EC9513bcDEb614D74e835A78 177.12787 195.55443
0x3930f98fc5f7d5529192afdeb7ca99600ac25aaa76af86f42a3596d57d2e30f1 183 42 0 800000000 893424 0x737F1513Ae8881a0EC9513bcDEb614D74e835A78 8.08962 10.42847
0xaab70b9ae273f7a9d679bf97980ca9a0a3180fd9ef132236e23271cd4cf38393 184 246 0 800000000 5232912 0x737F1513Ae8881a0EC9513bcDEb614D74e835A78 125.03291 131.59831
0xdcda6938ab0a4102518ca99e4b0ecf65034954a7fc5a86efdb18a1ab91271401 185 175 0 800000000 3722600 0x737F1513Ae8881a0EC9513bcDEb614D74e835A78 102.81358 110.26921
0xe42596de290f72db57fb8634a852b2f5562c39fe21e2aa52f1ac211501ff15f5 186 82 0 800000000 1744304 0xa08c70f7328139FF6da6F2a1A70d3E8a14879491 22.81977 27.11403
0x7458ac87e228dbcdb855a6deff4f5a32b411c0d9ed60398aabc8c6aa2fe7e689 187 391 0 800000000 8317352 0xbd5e6823fB845151b633fDe0031F70Ab7CB19E48 136.15017 195.86327
0x94058ea77b5bfd0ef220fbdff6e0b0599e65fb9769d6809960e6687658937a7d 188 490 0 800000000 10423280 0x87EA027bda730e38e3535567EEEF9474778767B9 116.64429 127.62151
0x90e1342406954859f9cb02e87a5d9da5db9fac4c49a2f7605db6662e9ffe8286 189 1080 0 800000000 22973760 0x737F1513Ae8881a0EC9513bcDEb614D74e835A78 170.05799 191.03410
0x03c6689e8b4be1b9793478454e78f3c76ac0eabbae9d1efe62c4a08f9f68d34a 190 188 0 800000000 3999136 0xa73e4cDEC8CeE1E8102523c9f4219eFca1301868 66.42376 71.49245
0xfb6c981507cb0ca24b003fabda7db23deb989ab02b8f7518eeefd52eac9449be 190 216 0 800000000 4594752 0xa08c70f7328139FF6da6F2a1A70d3E8a14879491 79.64904 83.92776
0x5524bfd4a4e46177ca48a7b619af3fc9f0e9e650d0d6f05f5e6d997ae00597b4 191 659 0 800000000 14018248 0x737F1513Ae8881a0EC9513bcDEb614D74e835A78 127.58521 150.61376
0xc07b5608fd76535bcad73e11dc28737bd270d1528f7e16bda95d4d2a0c2413d4 192 83 0 800000000 1765576 0x8264dC2DF8CCbE039cFC706D08c87d98e2BdaEeD 22.52727 26.20098
0x259ce7e9a8642d30f1e978b26b65d6eba8dcea8fcd9f9790d30ec6df3ad72d6e 193 207 0 800000000 4403304 0xbd5e6823fB845151b633fDe0031F70Ab7CB19E48 94.67652 102.03743
0xfc58d8d91814866a1e4d27c40c4416ad8ad7ee1ef06e246e75ce06cf9919e42f 194 388 0 800000000 8253536 0x87EA027bda730e38e3535567EEEF9474778767B9 65.29023 74.77865
0x28e48df100e72c42eee9a4f6e7a3d894aab5df4dcdc19fb8516045251eb2b34a 195 16 0 800000000 340352 0x8264dC2DF8CCbE039cFC706D08c87d98e2BdaEeD 4.93414 7.45948
0x52f536f5dd82a8f32fb2dada3e738c257a2af7890f14d34929509411b4cd3291 196 297 0 800000000 6317784 0x737F1513Ae8881a0EC9513bcDEb614D74e835A78 123.37083 132.46819
0x64a5b19642cbe536d4c4aab5d39516944dfbeb0b4b60e983bff70f3fb050c249 197 555 0 800000000 11805960 0x737F1513Ae8881a0EC9513bcDEb614D74e835A78 178.75540 193.78272
0xee198f0caaff6476d0edd77e399040a791ad7bce1fd1c76a3c650a4c0498a8da 198 100 0 800000000 2127200 0xa73e4cDEC8CeE1E8102523c9f4219eFca1301868 50.03128 54.83451
0xef250928f9d4683a15f376d01581b32c729743bce58223ee3d842609a81f3f3d 199 260 0 800000000 5530720 0xbd5e6823fB845151b633fDe0031F70Ab7CB19E48 110.99533 118.30037
0xd5ae6eb12e3024d320f52216b62bfc37687b4ccb27977c496ad46a74d0b967c3 200 364 0 800000000 7743008 0x87EA027bda730e38e3535567EEEF9474778767B9 82.03659 90.79715
0xc68b83b5105702610b1475495f758481e9d19a863f646a481537d38c514c595f 201 28 0 800000000 595616 0x8264dC2DF8CCbE039cFC706D08c87d98e2BdaEeD 6.46768 8.50911
0x1ab4ea6491de9afaab5ead4b676ade9d373aa4bc45f01ce3f30e663491f8482b 202 451 0 800000000 9593672 0xbd5e6823fB845151b633fDe0031F70Ab7CB19E48 158.32450 171.22119
0xa98f18ddc4c22406b54e74b13bd327786d34f7d9bbd4d7aa84e579f49cfaa664 203 325 0 800000000 6913400 0x87EA027bda730e38e3535567EEEF9474778767B9 113.82096 121.57013
0x5846e8455a144c5f144cc59810fa1f443c1f5a07e13d6400714fce578d18104a 204 19 0 800000000 404168 0x8264dC2DF8CCbE039cFC706D08c87d98e2BdaEeD 6.11366 8.45538
0x070723749ff3ea8c23d9326512f1254ce8cc69db7cbac36db93dea48cf9a9ce8 205 15 0 800000000 319080 0x8264dC2DF8CCbE039cFC706D08c87d98e2BdaEeD 3.90979 5.88926
0xce25094625209c634a437c314ff77ee9903d5a1e71403144becbfdb756c37ef6 206 409 0 800000000 8700248 0xa73e4cDEC8CeE1E8102523c9f4219eFca1301868 78.75690 90.60039
0x20cb2830c2e542217b2f657e10f4d4408eb0108d4c20ee2a636d30bbebb5ac7e 207 269 0 800000000 5722168 0xB479706256fF5bD48EBDFEfAC76559F34F2E5703 81.68622 88.55495
0xf1292b781057e5293ff9663dd21ef5bb7dcf7e4a2301914756932534e26aba53 208 202 0 800000000 4296944 0x737F1513Ae8881a0EC9513bcDEb614D74e835A78 74.22154 79.57488
0x5eed09cbf1da6cce1a19f8e94d7b4913957d4839b0cdab93b9133decfa816125 209 305 0 800000000 6487960 0x55613471e11325aa70426a7388A2497f3cA4D769 95.74305 103.08745
0x8fcc3c3a1920ceb101213642fb9b1919933c98662a39b8956d3f477870e033c6 210 63 0 800000000 1340136 0x20F9130D298d062078DcAd6C8DfE8edb8Ab169Cb 44.19955 48.17010
0x1a078f61b84db376a83a578f7bafa0b85f77a20add8e82c4fdf59beb98c76089 211 191 0 800000000 4062952 0xbd5e6823fB845151b633fDe0031F70Ab7CB19E48 99.18222 106.47787
0x3ea79367e932acd95ebfecaf3f7acc853e008838d6c678fea76cc93aa660352f 212 237 0 800000000 5041464 0x737F1513Ae8881a0EC9513bcDEb614D74e835A78 37.62042 43.77965
0x9294f5480937db374260225a92e100db05401ca91027a2760ec29d99af2c764d 212 237 0 800000000 5041464 0x87EA027bda730e38e3535567EEEF9474778767B9 74.60171 84.71442
0x042698dae664614d5401822ed8f97e63c282647e254ca1d87dd87ebb8cd36ba7 213 890 0 800000000 18932080 0x737F1513Ae8881a0EC9513bcDEb614D74e835A78 133.42349 159.91236
0x7fdbc828860057e8fb0eeb48496c66f7abf215c73e704258bba7ff17af9481c1 214 1592 0 800000000 33865024 0xa73e4cDEC8CeE1E8102523c9f4219eFca1301868 564.29394 595.92043
0x9540de72571f668e3adc59bba74029fd8ca5419285cb78aa4155b2613bdbc1b1 215 939 0 800000000 19974408 0x737F1513Ae8881a0EC9513bcDEb614D74e835A78 439.34864 465.00295
0xaa645a77a3da9bf384d3b5a076fcbf7502277fa057ba726a05b8c769084569ef 216 489 0 800000000 10402008 0x55613471e11325aa70426a7388A2497f3cA4D769 92.66318 106.16488
0xfc66d7fe0863b05f65daeaf65a748e4eee54020415aeeb27a38aabb97db38094 217 52 0 800000000 1106144 0x737F1513Ae8881a0EC9513bcDEb614D74e835A78 12.70219 15.09080
0x705ee497e0dc80c16219ca0f3b682a2043ea4cf53d81286238714746bb494736 218 218 0 800000000 4637296 0xbd5e6823fB845151b633fDe0031F70Ab7CB19E48 77.48976 83.60291
0xf230209284d8f8451321d326eb96bacac68957dbd38cfa4105a887a012dc9401 219 54 0 800000000 1148688 0x737F1513Ae8881a0EC9513bcDEb614D74e835A78 23.58464 25.78689
0x641ee056b65b832acd0afce086b560f7eb3f4b879766d4bbf57f2ac6dc7b3661 220 56 0 800000000 1191232 0xB479706256fF5bD48EBDFEfAC76559F34F2E5703 15.38739 17.55120
0xab37a604ecf2ff1f94401b51edc940471543d28755472c2155db949e0e0f00e6 221 173 0 800000000 3680056 0x8264dC2DF8CCbE039cFC706D08c87d98e2BdaEeD 46.68030 60.26347
0x281014ba5e89d674c6ca93c1cbc2ea3e5a4189453e2c18e7cd40c0d3a6575171 221 167 0 800000000 3552424 0x87EA027bda730e38e3535567EEEF9474778767B9 57.33127 60.54788
0x3f0d721c040363057b73a19a209c610f6137532fbb82ff6ea95840e7811df332 222 297 0 800000000 6317784 0x8264dC2DF8CCbE039cFC706D08c87d98e2BdaEeD 92.71425 101.91533
0x91222c871a7fcfcbef2c27a6f1b70893dcea08d3ceb137cc06023c4be7046869 223 105 0 800000000 2233560 0xB479706256fF5bD48EBDFEfAC76559F34F2E5703 43.59371 47.17429
0xd12adc1f1bee85bd64bbd0b5682eef81de8d6ae3fd754e26ed46eebbb3aa710e 224 115 0 800000000 2446280 0x737F1513Ae8881a0EC9513bcDEb614D74e835A78 53.05501 57.99075
0x742cf9d700f56ae6d74f8a693f5dc207cd3f18ed98dfb3d5529964c477addda3 225 58 0 800000000 1233776 0x737F1513Ae8881a0EC9513bcDEb614D74e835A78 22.56783 25.06210
0xf756b05d1635ad5f298149994142c7fad8f99232e5f609c3eed0635eeffbad6a 226 14 0 800000000 297808 0x8264dC2DF8CCbE039cFC706D08c87d98e2BdaEeD 5.82336 7.90285
0x8d475f1e6124830cfad176c5b0d029592be524489b64a40ed8db3fdfe9c63f5e 227 615 0 800000000 13082280 0x8264dC2DF8CCbE039cFC706D08c87d98e2BdaEeD 215.27601 228.97503
0xb476de91db67d3c52b735eaf5d7336cbf9cdf52dc32d1f94a06c465d3f92a97a 227 615 0 800000000 13082280 0x87EA027bda730e38e3535567EEEF9474778767B9 209.38179 220.76207
0x17c42522814d154bf0395e568051dcbea797f1b90cb5cbfc62312fdf466388f6 228 24 0 800000000 510528 0x8264dC2DF8CCbE039cFC706D08c87d98e2BdaEeD 8.54913 10.45312
0xaa8a7a088eb7655e5581457c11ecc97911e30f9e0da80346670b6c637909574e 229 134 0 800000000 2850448 0x737F1513Ae8881a0EC9513bcDEb614D74e835A78 67.95929 72.37514
0xb34d3a89f9c7f34eb0eacaefa14734cb99e72e65da52f409e95da61991c74045 230 305 0 800000000 6487960 0x737F1513Ae8881a0EC9513bcDEb614D74e835A78 115.58679 123.04745
0xa2ebf482bf73b9f1aa516793f12527d58fa1d879da3a4fa54d1b852fdfaf1970 231 486 0 800000000 10338192 0x5c6c5E80cb650CB66B48ab594ac8C2af2F2FFADf 191.31407 202.59345
0x4bb3bb621c3c4a9d8007541bc27cfb56341b42a06b599559b0e6954121289b4e 232 40 0 800000000 850880 0x8264dC2DF8CCbE039cFC706D08c87d98e2BdaEeD 16.49912 19.12233
0x9f1b3ce5f919f957929036b48d51a5aaf3677c733700c2920a894daf1e997afa 233 1134 0 800000000 24122448 0xa73e4cDEC8CeE1E8102523c9f4219eFca1301868 393.08521 415.89060
0x646d4e5b158dcf206612cf0226eadf0a51eeedcc2a7f86110e2366c618ebb3ca 234 836 0 800000000 17783392 0xa73e4cDEC8CeE1E8102523c9f4219eFca1301868 149.18131 167.33206
0x58fbac2637aabe9e715b4ba46d38a159f6df723b733aa1f404a7eaa9ad8a7cfc 235 139 0 800000000 2956808 0x737F1513Ae8881a0EC9513bcDEb614D74e835A78 55.66435 60.07155
0x2fdbb5d4e4f44eb76ca0caca94f3da00d1c3701086975d020877b8491bab9b66 236 59 0 800000000 1255048 0x55613471e11325aa70426a7388A2497f3cA4D769 29.12563 32.05254
0x00219b9b15105faa82b900ddd30bd3b9eea01431e24172fe4d7f586bb33bbe15 237 89 0 800000000 1893208 0x737F1513Ae8881a0EC9513bcDEb614D74e835A78 28.26275 31.72986
0x824bd3197e18f3b6f92eb91f92d02372961e9b99e26da9e14fd2d698e7261915 238 71 0 800000000 1510312 0xbd5e6823fB845151b633fDe0031F70Ab7CB19E48 26.74387 30.25756
0x41bdae51ee0df030f9d263a8b929a6dcd7821ba1c5eca80c6afbb40754e13404 239 344 0 800000000 7317568 0x737F1513Ae8881a0EC9513bcDEb614D74e835A78 49.55685 57.56170
0x6cd5ab65d715e669c6312ebde9fb14afefca0052ad2964006a0edd9671aab570 240 63 0 800000000 1340136 0x87EA027bda730e38e3535567EEEF9474778767B9 14.90442 17.47465
0xfa305a0bc7eed4542fedd29ed50cc027db98ec274cfc2cbc46677318b5f1d331 241 692 0 800000000 14720224 0x20F9130D298d062078DcAd6C8DfE8edb8Ab169Cb 466.67234 482.01944
0xe93f966faf749497e7278603c19a9a5bc61388fcb136563188e66939ee97130a 242 89 0 800000000 1893208 0xbd5e6823fB845151b633fDe0031F70Ab7CB19E48 25.20860 29.47171
0x67abc4f170b0526bd7558ae116e6d3c77baddf422adedb139b16a6edbf202257 243 498 0 800000000 10593456 0x87EA027bda730e38e3535567EEEF9474778767B9 91.57863 103.24203
0xcdb7658799684b93b5d35f6e4b33b44c262bde70ba31527903f6ef86760db532 244 1301 0 800000000 27674872 0x737F1513Ae8881a0EC9513bcDEb614D74e835A78 423.81282 457.76571
0xb2918aa3cdb679eefdd0e06640ce650d4ca8fd9a9523cfa02d5915d1ec426a58 245 1176 0 800000000 25015872 0x737F1513Ae8881a0EC9513bcDEb614D74e835A78 394.01400 417.47971
0x2ba5e7e6187b015d65f1c2305c4d21bf48be6fffcb7e1983e001fad7956a1da1 246 27 0 800000000 574344 0x737F1513Ae8881a0EC9513bcDEb614D74e835A78 13.07259 14.44287
0x446a53ae0b9d3704a96e18e52626e04683d3da195b99fc204dc6e7da1991ee3a 247 151 0 800000000 3212072 0x737F1513Ae8881a0EC9513bcDEb614D74e835A78 71.78829 76.74656
0xd04d639c2c9522973c8bad68edbdbb19a2494fc88e9900a0684ca6fa443f13c9 248 571 0 800000000 12146312 0x87EA027bda730e38e3535567EEEF9474778767B9 81.31949 96.12105
0x9fff6731dce9d763b0a77876370d1c23148c94d36f88855a528a89cedbc26cc3 249 479 0 800000000 10189288 0x8264dC2DF8CCbE039cFC706D08c87d98e2BdaEeD 159.68478 169.81270
0xcfdaac8971e900b167821d0acf8d0ba20d347eb3e5de47837efa25e8b2308f25 250 124 0 800000000 2637728 0x737F1513Ae8881a0EC9513bcDEb614D74e835A78 20.84508 24.42531
0xd7fe78f4e0d16efe6ad9fb3790a156f0e382cc1af828ca1320798dc9e3f132ad 251 501 0 800000000 10657272 0x737F1513Ae8881a0EC9513bcDEb614D74e835A78 68.09832 78.26958
0xd0534a3605aa4545b104cd214e3013a80f955100a598caff32abde44faf4223f 252 63 0 800000000 1340136 0x737F1513Ae8881a0EC9513bcDEb614D74e835A78 9.89625 12.35838
0x09fff465c091ae2da9e018c7d83ff0346e4f76ea6907f73b1cc606edfad9a78e 253 267 0 800000000 5679624 0x737F1513Ae8881a0EC9513bcDEb614D74e835A78 140.19871 148.28019
0x9e1dd6149b0e30e6a447cabc197bb37238e46e988bfd1d132aaaa3f7b6822e51 254 325 0 800000000 6913400 0x8264dC2DF8CCbE039cFC706D08c87d98e2BdaEeD 106.29854 113.56533
0x3ca4da6b5b21cddae38e3b0dd6aedcd6875a60de22251c02f9f626d75f4fa8f4 255 401 0 800000000 8530072 0x87EA027bda730e38e3535567EEEF9474778767B9 265.72688 326.77381
0x146b6ac0ca5145e241c7329cc2404cb1ba14a90bf530212f74eeac6eb549bf51 256 85 0 800000000 1808120 0x8264dC2DF8CCbE039cFC706D08c87d98e2BdaEeD 37.19757 40.12447
0xf77ddb70499ac0d52df810e66783f8331e718f5178e50e861ed5ba0b5aa2f420 257 338 0 800000000 7189936 0x737F1513Ae8881a0EC9513bcDEb614D74e835A78 126.59908 133.96758
0x1fe7b82755b60deedfd54e8e6fd5b15a47b52f59ee0389d218dc166fb5c92b84 258 409 0 800000000 8700248 0x737F1513Ae8881a0EC9513bcDEb614D74e835A78 184.75371 194.80621
0xeb61102e104c1e689c7879fc4bdf55e3cbfe2bf255ad11fc1ba8f404dbd68ae1 259 158 0 800000000 3360976 0x737F1513Ae8881a0EC9513bcDEb614D74e835A78 63.28220 69.17041
0xd703b219723f06365d6693700a853e88d8029793ef35c6259893bdc8bb930eb4 260 64 0 800000000 1361408 0x737F1513Ae8881a0EC9513bcDEb614D74e835A78 24.57623 26.71532
0xbdf706852a5f318545d5e9fe98eef647e9f8ab5e22d67f84b7808bdff5db317e 261 239 0 800000000 5084008 0x737F1513Ae8881a0EC9513bcDEb614D74e835A78 78.60220 88.34072
0xc502df3dfa9b4b44ed8fa026a3bdc02b21841f6a671679ce5bde5e5050a91c27 262 307 0 800000000 6530504 0x737F1513Ae8881a0EC9513bcDEb614D74e835A78 91.63518 98.27733
0x016ef57bce69de56e90ed6d61f84aa92a65d5a5b575d5bdc2d04160b312be7cb 263 10 0 800000000 212720 0x737F1513Ae8881a0EC9513bcDEb614D74e835A78 4.48603 6.11324
0x99b6873af06783358f83ae7f38b2e265ed59647937765e7287208aa0e5ad46f2 264 2261 0 800000000 48095992 0xa08c70f7328139FF6da6F2a1A70d3E8a14879491 713.82618 755.53640
0x93f9f2621fad19f020283e98aa1f5934431bcca227eda7f034d45f4689630ccb 265 1657 0 800000000 35247704 0xB479706256fF5bD48EBDFEfAC76559F34F2E5703 714.74226 990.41967
0x2aec59623a8807590a6d2919ed54483fa70461d0545a4b04305eb4e0da02042d 266 881 0 800000000 18740632 0x737F1513Ae8881a0EC9513bcDEb614D74e835A78 260.47241 282.09281
0xdfd3f3e89f66756a6a57245d8d234162860daac2bad042722c335ff08d9bac35 267 306 0 800000000 6509232 0x737F1513Ae8881a0EC9513bcDEb614D74e835A78 45.12896 52.19090
0x896f6fed370e040aa94adaf617a94fd904581f17f516d6802fa042b4a0ce8fa7 268 374 0 800000000 7955728 0x737F1513Ae8881a0EC9513bcDEb614D74e835A78 221.88786 231.80273
0xf45bb630dd448faa1d2c57df3ff5ef4277cb1f5917761091dff5281b67993f28 269 442 0 800000000 9402224 0xa08c70f7328139FF6da6F2a1A70d3E8a14879491 200.75888 220.45021
0xda0bbfbf8cc057bb62d232caf18f07a9e75afcc8839f9177f1611c1409322334 270 254 0 800000000 5403088 0x737F1513Ae8881a0EC9513bcDEb614D74e835A78 37.81603 43.88482
0xeb8efa86db92e7cb9809f7f5f981ad6710dac9398324e4f25a131597e976f09f 271 160 0 800000000 3403520 0x737F1513Ae8881a0EC9513bcDEb614D74e835A78 60.48234 65.87131
0x1db98b7291e3a96501e0e97a2200a0d7439212ea3f8723cc3491a4959360f2c1 272 534 0 800000000 11359248 0xB479706256fF5bD48EBDFEfAC76559F34F2E5703 765.90160 785.15232
0x0e4f27b94e4ab90175efe1a97ecdecc6f44d36eb379f8dcae0ec159417a18c62 273 204 0 800000000 4339488 0x737F1513Ae8881a0EC9513bcDEb614D74e835A78 81.91874 89.90640
0x927907334a2b56f2ba96ef45171f92933ddd403693ffe2ab09b7be5f1ec513f6 274 118 0 800000000 2510096 0x737F1513Ae8881a0EC9513bcDEb614D74e835A78 30.91350 35.50591
0xa8182858e38b5e77627d082fcd5f403c837da2cf794d74dae72de2e94afbdf7f 275 1221 0 800000000 25973112 0x87EA027bda730e38e3535567EEEF9474778767B9 169.21842 193.77666
0x1a2265aa158c18d154311dcede108febd1b55c9b3c9863cc2fd881a49e4627c1 276 1241 0 800000000 26398552 0x8264dC2DF8CCbE039cFC706D08c87d98e2BdaEeD 604.64962 643.69941
0x973d6f617d1d06ca2c5a7bc0c6752a3f5edb748009bd706b959bee511d02e463 277 239 0 800000000 5084008 0x737F1513Ae8881a0EC9513bcDEb614D74e835A78 57.30945 63.92433
0x5ee719f4da7ead0efbe5c3b303d2a71e3cd5b0adae61bdfae1a01c3317de3036 278 23 0 800000000 489256 0x87EA027bda730e38e3535567EEEF9474778767B9 8.35345 9.77845
0xd45d0e0a96e60acf16ec786d15a5ce9ee1d300eff6aaade8a893fa4fbea4478d 279 25 0 800000000 531800 0x8264dC2DF8CCbE039cFC706D08c87d98e2BdaEeD 46.57612 48.38402
0x7a149e68bcd88381288ca4c4a437c28d1e591df4737dd8161b07aec343b02116 280 51 0 800000000 1084872 0x737F1513Ae8881a0EC9513bcDEb614D74e835A78 12.51686 14.97079
0xab39e6b9ac424f00eee8eeaf143021351e412be174a5318b3ec472356ff01652 281 4050 0 800000000 86151600 0x55613471e11325aa70426a7388A2497f3cA4D769 1332.79945 1513.76410
0x48e79007362f3506220fe54550ed9994e5b56e8b0996145b5fee88ef7fdb474b 282 2179 0 800000000 46351688 0xbd5e6823fB845151b633fDe0031F70Ab7CB19E48 647.77215 713.52478
0x6a0a4c0fcb36bd5f602d94c2323e4e3937fba2e4c8f5a4066cd6c90d2a641d98 283 68 0 800000000 1446496 0x8264dC2DF8CCbE039cFC706D08c87d98e2BdaEeD 15.04783 17.52691
0xe34a3745cc39804fe15693ff45b6d7678a1b633b1fb862d2fcf53997adf60f0b 284 97 0 800000000 2063384 0x87EA027bda730e38e3535567EEEF9474778767B9 24.58326 27.88362
0xdcdd0f8dc91465d0b288bd969c0b1e294957ae00cf9d30236e43eaf933468226 285 26 0 800000000 553072 0x8264dC2DF8CCbE039cFC706D08c87d98e2BdaEeD 5.64755 7.04108
0x38c0ab5ce7058a7757826635c83937273be89b07df62a2f0a200bf8e1016e37d 286 682 0 800000000 14507504 0x737F1513Ae8881a0EC9513bcDEb614D74e835A78 455.47654 470.16568
0x64fa0bc35b01805073e31c6bfa70acb4d51973bdc529a160cd2d76756f29cc4a 287 5812 0 800000000 123632864 0x2f2Ef10b7Ef485579344797f058462A567838542 2239.67540 2379.03027
0x24f9e5cc24c6b27f217d5d07bb022faa482e7b98cf14a5ba98502c027e345f64 288 232 0 800000000 4935104 0x737F1513Ae8881a0EC9513bcDEb614D74e835A78 99.50203 105.94340
0xd912f06b60e9cceb7c9208c140b06b0ee7b38db688a4d8ec3c855043d29696ef 289 48 0 800000000 1021056 0x5c6c5E80cb650CB66B48ab594ac8C2af2F2FFADf 9.15951 11.58867
0xe1f26b5cf1d54e375caa8edab6fe7ceeca5228a0b52c26d3daae838a556fe3cf 290 49 0 800000000 1042328 0x4Dfb9205dC101Db8EaEfd53fC8d2E67EA3857E18 12.57134 15.17272
0x385c5dae6259574a1347bf8c4535448b68fb6ce8724d30ad931703d691589b35 291 75 0 800000000 1595400 0x737F1513Ae8881a0EC9513bcDEb614D74e835A78 148.02072 151.39032
0x60c4cd9ff2c9eff791e355080f6ed13867418f2d153750b5b62b93360e8d1723 292 295 0 800000000 6275240 0x87EA027bda730e38e3535567EEEF9474778767B9 140.99402 149.05245
0x00b3f181baa0237dfc35d93c87b417251817a12f2624f654335b8085befac802 293 302 0 800000000 6424144 0x8264dC2DF8CCbE039cFC706D08c87d98e2BdaEeD 39.37472 46.20328
0x776c7b95eac0f07881cf72ca57c92714dfb7fb0ee0b2e80e974c7dd0707e7644 294 805 0 800000000 17123960 0x55613471e11325aa70426a7388A2497f3cA4D769 246.60176 267.45912
0xe2833d55147254d63e16091c9e6c887a13c5806d7d33fb5f040718731cffc336 295 389 0 800000000 8274808 0xbd5e6823fB845151b633fDe0031F70Ab7CB19E48 95.99996 108.52522
0xe286774eae30c25bea4c9d8ca45b64ceaa792411de2dd02d51fedf21f2ebb285 296 99 0 800000000 2105928 0x87EA027bda730e38e3535567EEEF9474778767B9 22.08302 26.46085
0x929d9619a083136b4182acba810a514b43126b90170e35cdcefb3e3512e55e25 297 0 0 800000000 0 0xa73e4cDEC8CeE1E8102523c9f4219eFca1301868 0.15260 1.06505
0x42d6d7ce8e9204adad7c01aea180c82f81e49fb0da3adc4d332c582edecdc1cf 298 737 0 800000000 15677464 0x737F1513Ae8881a0EC9513bcDEb614D74e835A78 443.65319 458.56796
0x501eebee2e188557f81602f31ab75b8bb3c1b2d2cdab7b124c2869bb6413451d 299 149 0 800000000 3169528 0x8264dC2DF8CCbE039cFC706D08c87d98e2BdaEeD 56.07557 60.54668
0x8ec87be86b436437326235c0ca6aa0703dd27ad2a89a21a410b012abca54a3ea 300 209 0 800000000 4445848 0x737F1513Ae8881a0EC9513bcDEb614D74e835A78 71.54185 77.00640
0x5743aa264d7b289496befb60c9751900f4b03c7aa2b347d59e9315502d5fe55b 301 55 0 800000000 1169960 0x737F1513Ae8881a0EC9513bcDEb614D74e835A78 17.10115 20.56804
0xd2d2de81aecb2a76b3f557ad2a2d7caa6dc4032c71b0a5227238ccd527b42ada 302 338 0 800000000 7189936 0x05c591e3439fEdD5FA4FAD223Fc4e59D86aa7DC7 106.98213 114.74667
0xcf36a0532b61cfa3ff47f20adcfa901383862061bbdb5c4f3b2007b767b64005 303 5376 0 800000000 114358272 0x08f25E63785D374CF0d5CDEfb84693c784A34565 1571.94561 1722.80747
0xa3eba9c84bda11705fd28f0f2030c7489b25a58ddb6e12e82d4c86e02a0b6259 304 51 0 800000000 1084872 0x55613471e11325aa70426a7388A2497f3cA4D769 12.89292 15.45605
0x2644d4577f7002f47cf11c65011abba4fe8172d23db7be0029f78d8f298bd3b3 305 0 0 800000000 0 0x20F9130D298d062078DcAd6C8DfE8edb8Ab169Cb 0.60970 3.82046
0xcbf204fa8531d0e68ad8cb962e4fabbdf571a7b717c05821e5d419b691887138 306 199 0 800000000 4233128 0x737F1513Ae8881a0EC9513bcDEb614D74e835A78 49.43796 56.22222
0xbde91cabedfa52a0d67c75cdeb00f364e1cb730be27c7022e69e2fd4f69f59fd 307 161 0 800000000 3424792 0x87EA027bda730e38e3535567EEEF9474778767B9 51.14402 66.55010
0x7d679e4cc6f934e9ffdad8942c8146d76ef63ecdb4d5423b596a5c136673d9a7 308 124 0 800000000 2637728 0x8264dC2DF8CCbE039cFC706D08c87d98e2BdaEeD 57.00746 61.52212
0x0e8afa473c69c7670014b3c29610861bcef9217c9ab313855a3ac92c691c96a4 309 965 0 800000000 20527480 0xa08c70f7328139FF6da6F2a1A70d3E8a14879491 115.65185 134.30384
0xb5f1a2610d6fe196fe6915150ebe9eba519f4ae0b8f16c2ec8acfe993a51f1bf 310 80 0 800000000 1701760 0x87EA027bda730e38e3535567EEEF9474778767B9 56.91374 62.15862
0xed89d8030cad2af0234e0aea00e1d078f124cea71fb00883b7db98731d750c7b 311 73 0 800000000 1552856 0x8264dC2DF8CCbE039cFC706D08c87d98e2BdaEeD 11.79775 14.07442
0x88e3ce582706f86d483c5515714b27f6a3ada3764c31cdd4ccb2f9e3ff065eab 312 1514 0 800000000 32205808 0xB479706256fF5bD48EBDFEfAC76559F34F2E5703 815.30130 878.21683
0xedf4d6a7cfb3e4cac8f75944cf8d7a3a49cf7b192f19a944265916d82b96d864 313 1742 0 800000000 37055824 0x737F1513Ae8881a0EC9513bcDEb614D74e835A78 320.74215 356.10231
0x6b4f937342901e4e9d118331de732089ce36338cc00a7239e3e06f3679a2bdfd 314 695 0 800000000 14784040 0x737F1513Ae8881a0EC9513bcDEb614D74e835A78 149.30149 169.74296
0x0f4381569d9c89b48af3084d8a248a6bc3fb642c56484a3271c8e94d34ba6054 315 43 0 800000000 914696 0x737F1513Ae8881a0EC9513bcDEb614D74e835A78 17.19863 19.95355
0xb9ddec45bb486ccfd681239b31e293619cec1e8d7843f2129195918ca7b0ce3a 316 126 0 800000000 2680272 0x737F1513Ae8881a0EC9513bcDEb614D74e835A78 189.54353 195.37731
0x4c620bdff7aa92a29a5a91e461720dbbc40fbc39d02a4c72a754232ed433a6b3 317 50 0 800000000 1063600 0x737F1513Ae8881a0EC9513bcDEb614D74e835A78 312.06076 336.26940
0xf65efdf557aa406af09be39ea01315421e0826144b26619b6cb61f09aa2fa693 318 10 0 800000000 212720 0x737F1513Ae8881a0EC9513bcDEb614D74e835A78 2.59537 4.31295
0x6874fd5fb2d13ee3a70ca23d4b9a98653bf6ad42341479903fda9e71fbc29818 319 252 0 800000000 5360544 0x737F1513Ae8881a0EC9513bcDEb614D74e835A78 92.64295 99.04310
0xb52fe963c49d5533ae47749d3e83ce3ae22bfc2a107d841ecf0f43aebf679b53 320 2106 0 800000000 44798832 0xB479706256fF5bD48EBDFEfAC76559F34F2E5703 934.30397 1011.31480
0x92b05956c8bef51cdf2799ca94ffdb5310b783aa4e22ba055a127f75153f2a8c 321 649 0 800000000 13805528 0x87EA027bda730e38e3535567EEEF9474778767B9 189.30474 208.27363
0x8d5fb46295b83c6da373e0c4f7606412618398d45bc2c755138e6de9b7501fbd 321 658 0 800000000 13996976 0x8264dC2DF8CCbE039cFC706D08c87d98e2BdaEeD 205.47291 217.38326
0xba4716e681a0acddd109b15ad8bbeccb134774ea1ab4d42f8984a008cb55890e 322 894 0 800000000 19017168 0x737F1513Ae8881a0EC9513bcDEb614D74e835A78 292.22555 350.18213
0xd46db3cc55c0b321944aeb0e037a793e6e1859aef4858344077166f074fe9848 323 3533 0 800000000 75153976 0xa73e4cDEC8CeE1E8102523c9f4219eFca1301868 1854.51877 1950.50596
0x325cc0b5dac672eb288949b77a93a738c73510fd18e82e750afcffe38236240e 324 67 0 800000000 1425224 0x87EA027bda730e38e3535567EEEF9474778767B9 23.30055 26.16901
0x3628ea3bfb6616fc5dab03843ad4799e2f936d4020293a067b7bc538650bab4f 325 5934 0 800000000 126228048 0x44306131f3054487f32CD742583Db0Ed7a2b2Eb3 2398.73910 2558.34918
0x79fff4d22828621df76b804c7de31f8636870f3d3d1df86ebf358f8033c5493f 326 503 0 800000000 10699816 0x737F1513Ae8881a0EC9513bcDEb614D74e835A78 140.60905 154.21546
0x7349cf6cf550fffebec05738827bf9152c5d2ee7ec9b82e2d106c9b8ba27d675 327 217 0 800000000 4616024 0x8264dC2DF8CCbE039cFC706D08c87d98e2BdaEeD 92.83986 98.92392
0xc93cf83023c725a99ec626694f446b79efba206c2179b86186df05718c58fa13 327 147 0 800000000 3126984 0x87EA027bda730e38e3535567EEEF9474778767B9 48.67483 62.49062
0x6a50cd1710389397562b4409851b2d7687319824a6b5b9e04caaad853dbdef0c 328 990 0 800000000 21059280 0x55613471e11325aa70426a7388A2497f3cA4D769 142.82266 162.49827
0x189badb85016e8d03f227022c9bddffb11b932575b907172a5508622e20f39fe 329 497 0 800000000 10572184 0x737F1513Ae8881a0EC9513bcDEb614D74e835A78 201.34022 215.65845
0x55ccd30cb58e64f85ae974338667f16d5a90b2ef2fb92bb0fd86dd3a9a229f0c 330 66 0 800000000 1403952 0x8264dC2DF8CCbE039cFC706D08c87d98e2BdaEeD 290.95091 293.98091
0x5ecd00156d703a21cecbcc6cf68d5ff5fce153a9bb454bde0d7f5c21cab7bd45 331 187 0 800000000 3977864 0x5c6c5E80cb650CB66B48ab594ac8C2af2F2FFADf 76.27758 81.89626
0xd96c8356c1d098857cddd0f644db6bca5ed7da3bb8c6d4b08eb8776600d08473 332 121 0 800000000 2573912 0x8264dC2DF8CCbE039cFC706D08c87d98e2BdaEeD 25.72641 31.03944
0x80a735940019dad41b06aef0ddc2934fd73b2d6fd6e46ee6210f9b76a92397dd 332 185 0 800000000 3935320 0x87EA027bda730e38e3535567EEEF9474778767B9 46.22846 55.54214
0x2a5167636c312b4b62a782bcd56f2adb79b356166aa3822fdbd13e718e03452d 333 533 0 800000000 11337976 0x737F1513Ae8881a0EC9513bcDEb614D74e835A78 108.57448 136.49352
0xe5d221844e5539d0f732987b9945c79f176e4ca44ce11294c9905eaa29414195 334 348 0 800000000 7402656 0x737F1513Ae8881a0EC9513bcDEb614D74e835A78 89.91625 100.66546
0x1408c18e6f20092fb8cae4a1a83f88b6620bc533ff3622d15fc1b9abfcb1cc3e 335 482 0 800000000 10253104 0xa73e4cDEC8CeE1E8102523c9f4219eFca1301868 86.80222 103.19781
0x657850e338570866d5a77a4981aac624128660598671be08d95da3f643e09029 336 329 0 800000000 6998488 0x737F1513Ae8881a0EC9513bcDEb614D74e835A78 132.31627 142.05647
0x259d7afcdb63f25d45129996799003d067c0a074924a9b678149675368d1481d 337 31 0 800000000 659432 0x737F1513Ae8881a0EC9513bcDEb614D74e835A78 8.75591 21.52899
0xc03f1b22a0c977960682d6bf05631eb6366ff316f7c6678f2873f6f1ca5250c6 338 217 0 800000000 4616024 0x8264dC2DF8CCbE039cFC706D08c87d98e2BdaEeD 68.66545 74.82235
0x0c5377d4648001a16e97680b394087de4721110b1080faf25a1e7ccd9440915f 339 399 0 800000000 8487528 0x737F1513Ae8881a0EC9513bcDEb614D74e835A78 218.72472 231.11931
0x9d33445f2088100ae946a4fe75aa5e320b16924ecb8f551ae8d2750c64e4e167 340 45 0 800000000 957240 0x737F1513Ae8881a0EC9513bcDEb614D74e835A78 10.65718 13.27323
0xdae18ff7916c5df512c4bba1a8f3ffaea2bd64485375c6fda31effae1e0c0a9d 341 75 0 800000000 1595400 0x8264dC2DF8CCbE039cFC706D08c87d98e2BdaEeD 26.52703 29.00351
0x8319f1024d5bed51a81562950e069101d4beec828c4c9f92aa6bc62a0e4dfb93 342 291 0 800000000 6190152 0x87EA027bda730e38e3535567EEEF9474778767B9 164.32049 173.92467
0x4e8533546c2b4d54c619a83998b6a9d9affae21bdd12b9b8dc3306bf5d74760e 343 9 0 800000000 191448 0x87EA027bda730e38e3535567EEEF9474778767B9 1.82273 2.88875
0x5a417c0fa879e8bd8d0de6f754ce07e8d8d915e4625b2b9cc3eb59cb617aef68 344 155 0 800000000 3297160 0x737F1513Ae8881a0EC9513bcDEb614D74e835A78 49.09686 53.39110
0x849f75a941f6db634a9a23b8077a70754dac1319d641ff14679ca9d35d86d2ab 345 1653 0 800000000 35162616 0xbd5e6823fB845151b633fDe0031F70Ab7CB19E48 270.78873 302.29357
0xb89cc99651c978269ef33c8724f53d9e7c417b024aa32b4b01e7e07b7b7142e4 346 1918 0 800000000 40799696 0x55613471e11325aa70426a7388A2497f3cA4D769 912.90022 960.68714
0x445afd10cd4727da4f1aa36d24018078c9b3b91967ef3be80d76fa85915c6d14 347 4416 0 800000000 93937152 0x20F9130D298d062078DcAd6C8DfE8edb8Ab169Cb 1641.42670 1758.40468
0xdef4e7bad7bdfc77ccfb9a343c1b67dcaa92486c6606423b9291757304433163 348 87 0 800000000 1850664 0x8264dC2DF8CCbE039cFC706D08c87d98e2BdaEeD 21.31651 23.87991
0x145cfa879316cd704726b8ac5ef3dde9e54b96640d54d0edc1564bdb163d9d7d 349 72 0 800000000 1531584 0x87EA027bda730e38e3535567EEEF9474778767B9 19.86517 22.60900
0xf438c749bda9eea2c14fa6361b1cf79fe372d92150ac1320cbbca1c80ad1ec4f 350 828 0 800000000 17613216 0x737F1513Ae8881a0EC9513bcDEb614D74e835A78 210.89092 254.13698
0xbb8c3adeb81fdd36c054243c1ac61031e911a03862b9c5f3ed03cf1c74a39371 351 1651 0 800000000 35120072 0xa08c70f7328139FF6da6F2a1A70d3E8a14879491 574.44983 609.09373
0xd3df53534b719b91380f946c0edf17a7db3489938fe8da195a8b7d9410ce1c64 352 1203 0 800000000 25590216 0xB479706256fF5bD48EBDFEfAC76559F34F2E5703 405.70088 439.27692
0xc6e732e7c71c49f0218d1832296bbab19c61abbc068ec48cc492a616c59557da 353 97 0 800000000 2063384 0xa08c70f7328139FF6da6F2a1A70d3E8a14879491 21.15126 24.93881
0x79f64ab1e9b005a6f582a9549e17b9cbe36d293b25658da75c270eabc71b9cc8 354 53 0 800000000 1127416 0xa08c70f7328139FF6da6F2a1A70d3E8a14879491 11.98095 14.25957
0x2273ebabd20838a894aa3ed859016b16716e8946698b512c146f7e3460a06b4e 355 299 0 800000000 6360328 0xB479706256fF5bD48EBDFEfAC76559F34F2E5703 99.64010 107.36287
0x72161969f52aab42910f40c3105bfe12dba9202e484121372896ccdbbbe21305 356 1385 0 800000000 29461720 0x737F1513Ae8881a0EC9513bcDEb614D74e835A78 446.61947 486.85766
0xcc5a727fef62bd3d2ad508a3ab611581882bc5cb87591bd2ac12522c3bbcf234 357 385 0 800000000 8189720 0x737F1513Ae8881a0EC9513bcDEb614D74e835A78 84.53065 94.86608
0x0632fa76ffad8778f68200aed9f3279bc172c9f43b2351beed35b6d774dadc86 358 303 0 800000000 6445416 0xa08c70f7328139FF6da6F2a1A70d3E8a14879491 53.18162 60.57642
0x1df2f6f1a0bce1d59469278e11bcb5e98c227da23c01ed5a19e8e97c6df53928 359 441 0 800000000 9380952 0x2f2Ef10b7Ef485579344797f058462A567838542 95.17823 110.30656
0x0c06600bfdb8ccf1a422c621e9255c13e390c63d20ccf9739abf8c681279e3e0 360 294 0 800000000 6253968 0x737F1513Ae8881a0EC9513bcDEb614D74e835A78 57.95725 65.72851
0xd7df6dde5a21e05231bb7802c70dfc14f05f4570ea0a72b1dd4c18a675f11480 361 144 0 800000000 3063168 0xa08c70f7328139FF6da6F2a1A70d3E8a14879491 33.00579 38.10497
0x3f001d4af1181553209d099c05e91550846da308e821fe6c9cefb180f538fde0 362 164 0 800000000 3488608 0x4Dfb9205dC101Db8EaEfd53fC8d2E67EA3857E18 161.83199 178.46199
0x6656b2f2dcbc44cd0b73360c5d093d4f3abbcaabddf89d3ec48f7907c012cf25 363 8 0 800000000 170176 0x737F1513Ae8881a0EC9513bcDEb614D74e835A78 2.35167 3.89802
0x32bd0c95b7b3a8a51a4cf787ecd9b3b9fbc103d3292c11c95d4ac0c4130c4c9f 364 1886 0 800000000 40118992 0xB479706256fF5bD48EBDFEfAC76559F34F2E5703 1534.48699 1666.94026
0x9197e8ad2e0ac109181275a03abc9c0057c7462df3825b3147e8824c83632fd0 365 58 0 800000000 1233776 0x737F1513Ae8881a0EC9513bcDEb614D74e835A78 14.71610 17.70704
0x89dc817cff69cfd243380ce6986546749085803b68d1969ca570a0129ce6bfd3 366 182 0 800000000 3871504 0x737F1513Ae8881a0EC9513bcDEb614D74e835A78 63.34286 68.44380
0xf12c5815fd0b99cc16438b24ac9550fea5ff47d433d5469362819520d9304312 367 165 0 800000000 3509880 0x737F1513Ae8881a0EC9513bcDEb614D74e835A78 37.67958 43.42493
0xb9a68be2e11d228afbe31774a63283a07aa9b974b90f2301d40427816a1dd163 368 948 0 800000000 20165856 0x8264dC2DF8CCbE039cFC706D08c87d98e2BdaEeD 214.50908 243.89435
0xb62db2d58a53b67fe1b52e6a5da3a45d3a8d6e2e292a2051d5859f649ecea515 369 938 0 800000000 19953136 0x87EA027bda730e38e3535567EEEF9474778767B9 139.85112 159.13501
0x7b3db5e6cacece109a28cdf316499d17bc427ab2519fef15a3fbccc13b9fbc8b 370 209 0 800000000 4445848 0x737F1513Ae8881a0EC9513bcDEb614D74e835A78 54.70725 74.11916
0x0c2648735a52f99c1dcccedd268631f94366b8fc4bcbb4a70cb440a797c7246c 371 1200 0 800000000 25526400 0xa73e4cDEC8CeE1E8102523c9f4219eFca1301868 165.72291 190.19946
0x37d21404489b5307ee24d27407378d23879b70d616c7e95b2dda22a95e016592 372 103 0 800000000 2191016 0xa73e4cDEC8CeE1E8102523c9f4219eFca1301868 298.14880 312.23007
0x57335f0f2249879496f0ba4f870a05f9bc19a898f4deb6bd6a5f317be9c61656 373 535 0 800000000 11380520 0x2f2Ef10b7Ef485579344797f058462A567838542 697.10874 715.18750
0x864dd351c6739e28fdd8d8d59e7725a69472fc3fd9ee556af4cb45e8f6503220 374 232 0 800000000 4935104 0x737F1513Ae8881a0EC9513bcDEb614D74e835A78 86.01420 92.04630
0xa8ba5b5fc92aa9f6a1dc6d2b063252d96b3ae71f4586b7ec432329bdfce067ba 375 44 0 800000000 935968 0x5c6c5E80cb650CB66B48ab594ac8C2af2F2FFADf 10.31018 15.89934
0x47e4f52df97e52f23a59f4152902da1773db3248b84d465c5a3468ee81156e68 376 139 0 800000000 2956808 0x4Dfb9205dC101Db8EaEfd53fC8d2E67EA3857E18 38.24167 44.24650
0xc4b54ba44c16ce6445ced54418982280d0d006abca66a274a8b98aa1bce682ff 377 1526 0 800000000 32461072 0x05c591e3439fEdD5FA4FAD223Fc4e59D86aa7DC7 456.47620 495.39111
0xf2b6424c63e0d0c455f2d1960566de1882af195d6b0c4ed171f28262b89b425a 378 13 0 800000000 276536 0x08f25E63785D374CF0d5CDEfb84693c784A34565 2.92668 4.59410
0x1bfb1dc089120a3aa6f931a02cab691f90d96b096a5a2d65def677b9033de8bf 379 1262 0 800000000 26845264 0xbd5e6823fB845151b633fDe0031F70Ab7CB19E48 348.54599 382.14571
0x35c4c5605a6f112b1eda99349e4185d66f7f8446c324cbc1edcac16f53a4da38 379 32 0 800000000 680704 0x55613471e11325aa70426a7388A2497f3cA4D769 10.01404 11.64869
0xff2c06f0356697c3dccfe9e9f3a2cab436d048f7a1fb12c4b125bff2468cb924 380 85 0 800000000 1808120 0x737F1513Ae8881a0EC9513bcDEb614D74e835A78 73.77208 112.67229
0xc61d687edbdf0a863b30dfd6c9297d34930e961cf4cd3bcfe4f25ecb53d6bca1 381 1246 0 800000000 26504912 0x20F9130D298d062078DcAd6C8DfE8edb8Ab169Cb 268.51264 300.67399
0x908ca69be120c6138444e16e1856dcf5e7f7c205109001da93e1fe230635f8ff 382 1382 0 800000000 29397904 0x737F1513Ae8881a0EC9513bcDEb614D74e835A78 653.51068 681.35989
0x9a795d9c3ef8dd58f2f1c6f2a5bfab4deb5dc9fb450b2f8aedc819e2d1bf71bc 383 302 0 800000000 6424144 0x8264dC2DF8CCbE039cFC706D08c87d98e2BdaEeD 68.05734 77.61995
0x81c9d0fef836f3944808e5629e80f7a47554d66608a2af0330d1b35896de0085 384 298 0 800000000 6339056 0x87EA027bda730e38e3535567EEEF9474778767B9 139.52503 148.71163
0x58f9a8fb92cf386e551182284b6338bbfb4b0a4db11921c178493e631a49015c 385 55 0 800000000 1169960 0xbd5e6823fB845151b633fDe0031F70Ab7CB19E48 44.70078 58.52769
0x7244f022f9dd7eab61eea1580c4797c16ee63c2fefb6f5f62615edbbaba87b9f 386 531 0 800000000 11295432 0xa08c70f7328139FF6da6F2a1A70d3E8a14879491 98.51611 117.70603
0x959c62a49f7a996061937cb5a98e83132626b60c68e41e17cc8f201cd06b0769 387 43 0 800000000 914696 0xbd5e6823fB845151b633fDe0031F70Ab7CB19E48 13.24919 15.95561
0xed0bdb867cacf4eb47eac33512c4ceac1f5ee8c8c736a06ec928534d59960250 388 248 0 800000000 5275456 0xa73e4cDEC8CeE1E8102523c9f4219eFca1301868 430.62079 437.65484
0xc0c2a5fda30fd4eaa3745a98fe17a7bf540e3020d8b0b8cccbdeae8563f63639 388 70 0 800000000 1489040 0x8264dC2DF8CCbE039cFC706D08c87d98e2BdaEeD 22.39194 24.85648
0x4a10eec20ffa07a8ca6c62e54806cddd34bc7c5b655552f9ba2396780147732e 389 288 0 800000000 6126336 0x8264dC2DF8CCbE039cFC706D08c87d98e2BdaEeD 66.45976 94.56192
0x97d729b48b1a422de930b6f54adf8f51e05358239f90623fce2b75c13f20583e 390 105 0 800000000 2233560 0x87EA027bda730e38e3535567EEEF9474778767B9 23.28673 26.80986
0x0e6dc79f4c94d7796a25e5e15beb4df6093dd711678d239c8f9a164bde17d52a 391 125 0 800000000 2659000 0xa73e4cDEC8CeE1E8102523c9f4219eFca1301868 42.16949 45.85011
0x3564c9a326d51af1d393ed0721267cf2b9cf7b048663f8639da3114b10df414e 392 990 0 800000000 21059280 0x737F1513Ae8881a0EC9513bcDEb614D74e835A78 347.41109 373.41393
0xd77ccf9bd45f2009da7eaf1244c0f2127c054f699740d28d698df92ec4a53efc 393 131 0 800000000 2786632 0x737F1513Ae8881a0EC9513bcDEb614D74e835A78 65.97162 72.18426
0x07f68f5d8706920370b6b0ff17014663bb637aa26d4e626c2a39582d58ab5336 394 1310 0 800000000 27866320 0x05c591e3439fEdD5FA4FAD223Fc4e59D86aa7DC7 552.88393 587.06002
0xe205197453c560139cb6020179473992eeba415b4b84282114e9c1b313994a54 395 55 0 800000000 1169960 0x55613471e11325aa70426a7388A2497f3cA4D769 15.54795 18.42475
0x5b7d405cfac4659799a8093e820258dd8794c9ef49ae2646fff56b2763345c56 396 272 0 800000000 5785984 0xbd5e6823fB845151b633fDe0031F70Ab7CB19E48 60.77350 69.39380
0x8cfd8d40e3dd03677be18fe561009e8d0b6d30797ec6045fd7629713a008bdfd 397 6495 0 800000000 138161640 0x76D1aF7aC51134707802b71CBdCa8b58Af406A89 3675.32486 3898.42388
0xe5e06c0946baa39eed1315f02b059f7ae8da5a72c14c29c17592503f55e1eaa1 397 375 0 800000000 7977000 0x20F9130D298d062078DcAd6C8DfE8edb8Ab169Cb 82.93340 266.29347
0x1fd255b41ec7a850956d7bd677faefa4f9159734474d0f4f6958b74ad8615a79 398 161 0 800000000 3424792 0xa73e4cDEC8CeE1E8102523c9f4219eFca1301868 39.91385 45.92957
0xbc73ecbda8cf3af33e896c6cf9d5b0cfb266c243f2bdf52aea531fd539a682e1 399 4096 0 800000000 87130112 0x8264dC2DF8CCbE039cFC706D08c87d98e2BdaEeD 1395.30853 1471.73273
0xd3e0b1203feb9d6f045aa4405f56c75da153db16cf8326445a3f48b19f90866c 399 4096 0 800000000 87130112 0x87EA027bda730e38e3535567EEEF9474778767B9 1790.82179 1865.75276
0xe227b09d6c5921050a646497704eb87bd63285b51922ed6bf3d0ab2bc8dfc6e5 400 687 0 800000000 14613864 0x737F1513Ae8881a0EC9513bcDEb614D74e835A78 357.07731 377.93229
0x6d6e5360715f2962e7c7409f24eb62443b092571fccbc9cb8320ded3f0f5f646 401 349 0 800000000 7423928 0xa08c70f7328139FF6da6F2a1A70d3E8a14879491 125.02342 135.54853
0x95b9cdbca7e358bee6b70b4933e2fcee48f5b60d6d8d3deb9c7a09c9daa838bd 399 0 0 800000000 0 0x76D1aF7aC51134707802b71CBdCa8b58Af406A89 0.12609 0.66520
