0xc1af4215af201481afa310f71600402362716109fe91c497e44b3fcd5dda5422 1 50 0 40000000 29225146 0x8264dC2DF8CCbE039cFC706D08c87d98e2BdaEeD 117.19717 126.99553
0x67eb41d94ac060cc38b5c8283763f62628aac8247b1f95721944c9f6d63ab178 2 22 0 40000000 12056078 0x8264dC2DF8CCbE039cFC706D08c87d98e2BdaEeD 32.88430 38.28980
0xdc9205f8d670569c9a4c2c6cc602088b62cd331e67a909dc4d74f6c7a74dbeb1 3 0 0 40000000 0 0x8264dC2DF8CCbE039cFC706D08c87d98e2BdaEeD 0.05459 0.39999
0x2b5a913f19c8b3c4d6ec1aa0d03be8c645208a1765b135482dda9826e4c6afbe 4 0 0 40000000 0 0x8264dC2DF8CCbE039cFC706D08c87d98e2BdaEeD 0.04831 0.30822
0xafe8705c3e0b183a9c24ae331481db3ca53b6949fbf94ff4f4a7c7f77cfae9b9 5 21 0 40000000 12040357 0xbd5e6823fB845151b633fDe0031F70Ab7CB19E48 33.98635 39.68578
0x46e3fef7873b51e923c39d45bd571ec2874ccbdb33477a00ee171a050c817c33 5 36 0 40000000 20640612 0x737F1513Ae8881a0EC9513bcDEb614D74e835A78 62.05296 77.07846
0x904a812c13c6cac82962f8e91758bbd7b23f95f0b6d2f5994404f9c950aba805 6 12 0 40000000 6880204 0x87EA027bda730e38e3535567EEEF9474778767B9 37.21103 41.04300
0x3a1f559247fb9cb420d25af39bd3a1d945d13ded1376a2ecf8acfb93a19d36da 7 0 0 40000000 0 0x737F1513Ae8881a0EC9513bcDEb614D74e835A78 0.04889 0.37584
0x34577a0c965e61f1d73a35caf64622be11eeee2a27852f58d61c435c9720c48b 8 0 0 40000000 0 0x8264dC2DF8CCbE039cFC706D08c87d98e2BdaEeD 0.12510 0.58875
0x0b5b15cf814d94e2a7c6d0770c1fcf5cdc05d6adea35a67793d2f56348fb3973 9 0 0 40000000 0 0x8264dC2DF8CCbE039cFC706D08c87d98e2BdaEeD 0.11617 0.65571
0x0d1140e36e1f5cdee59c40b8e6a2c5916af587afde45e8aa335fb203124166c5 10 0 0 40000000 0 0x737F1513Ae8881a0EC9513bcDEb614D74e835A78 0.13716 0.65339
0xc3d351ee4f494124812a1db418e72ce44d543601abb1d6995ed2c0ec8afa5e29 11 0 0 40000000 0 0x87EA027bda730e38e3535567EEEF9474778767B9 0.09495 0.98167
0x4e7b150adbb72bff5d64ee0249608ef430544f12abd1f1088da304a6390eb368 12 0 0 40000000 0 0x8264dC2DF8CCbE039cFC706D08c87d98e2BdaEeD 0.10370 0.59196
0x04937ffbd33de2771c7ba438501ef255eaa59555d92c45d4d653f8f236160ef6 13 0 0 40000000 0 0x737F1513Ae8881a0EC9513bcDEb614D74e835A78 0.10635 0.60848
0xe7a8fd1e9a5997fc0182553b89793731825d65c22fa09e80975f09a7e50bd5d3 14 0 0 40000000 0 0x737F1513Ae8881a0EC9513bcDEb614D74e835A78 0.11526 0.59750
0xebab76f908a218000b2a829d9ceb403f7296bfb9b947f1bd2499c9e05c3c2448 15 0 0 40000000 0 0x737F1513Ae8881a0EC9513bcDEb614D74e835A78 0.10923 0.60471
0x12e083e1a4acf3adff48caec5057d892230589dc7dd36e0312c73f993742e9a5 16 0 0 40000000 0 0x737F1513Ae8881a0EC9513bcDEb614D74e835A78 0.10267 0.65636
0x77f6984a68462d33667dc947182da307707f6a8693d0795de763ea9a3379fc1e 17 0 0 40000000 0 0x737F1513Ae8881a0EC9513bcDEb614D74e835A78 0.10646 0.54833
0xb6ac25374046c3f48556723a69ee7e2a33bc8bb3d8fca6acd46a2c2ee6c39b40 18 0 0 40000000 0 0x737F1513Ae8881a0EC9513bcDEb614D74e835A78 0.12053 0.63430
0xea27d56c975a9d6de263e3e6999f7539c4067296ffd863050acb59166b5f7812 19 0 0 40000000 0 0x737F1513Ae8881a0EC9513bcDEb614D74e835A78 0.10209 0.59312
0xea73395ab5b34260fb7f77450d66f972366f685db8a74f12ced833d07cbc6f46 20 6 0 40000000 3440102 0x20F9130D298d062078DcAd6C8DfE8edb8Ab169Cb 10.58204 12.65176
0xe5985d95b3393db7b81cc8cfcc8a879ef75a83098fd6ce6090fcd51621c197a4 21 0 0 40000000 0 0x737F1513Ae8881a0EC9513bcDEb614D74e835A78 0.11070 0.58630
0x5638b285a0364ecc920c011ad35f4fa4e976ce8711e92499f2065f5e43655805 22 0 0 40000000 0 0x737F1513Ae8881a0EC9513bcDEb614D74e835A78 0.10784 0.62607
0x9325182397c0c4bbbd3f9aa22913f542880124ec9456ef368af066501d2f553a 23 0 0 40000000 0 0x8264dC2DF8CCbE039cFC706D08c87d98e2BdaEeD 0.08636 0.93357
0x208d64b4810406ae7dea23deef314ada8ba0b79d66e3211b64475b058c4a5e41 24 3 0 40000000 1720051 0xB479706256fF5bD48EBDFEfAC76559F34F2E5703 6.84945 8.47006
0xe90aeb43b1169a56da535252f8dbf5eef80985e4d9f1ee286005b7d8245806c8 25 0 0 40000000 0 0x87EA027bda730e38e3535567EEEF9474778767B9 0.12468 0.66944
0x5aabfcbe26b7220eca90a2aa4da59973d4332692f8fdd24d32af18f09f9f20c1 26 0 0 40000000 0 0x87EA027bda730e38e3535567EEEF9474778767B9 0.09443 1.06080
0x6173329bb820ac653b7721e64c678b866a61931118c5df8d93cb48d18d8787a3 27 0 0 40000000 0 0x8264dC2DF8CCbE039cFC706D08c87d98e2BdaEeD 0.10282 0.65197
0xe532f1251d15c818059c4b903228d903a4685eabf24997ea55c1c102d1f164ba 28 0 0 40000000 0 0x737F1513Ae8881a0EC9513bcDEb614D74e835A78 0.10739 0.63356
0xd89b9f330909120465e498ee6f11104988fcf77bf7b1800efd613f414a19fce4 29 0 0 40000000 0 0x8264dC2DF8CCbE039cFC706D08c87d98e2BdaEeD 0.10368 0.60444
0x9e05c5b043add7cb6f67293f5c76840ce1b3ed5710f71dcb2bfb2ab00ef0a228 30 0 0 40000000 0 0xbd5e6823fB845151b633fDe0031F70Ab7CB19E48 0.12092 0.64283
0xd3560e7dc0e10e40b59d7a830f8fb17862e632eea1b642e5e0a5736a1e17feac 31 0 0 40000000 0 0x8264dC2DF8CCbE039cFC706D08c87d98e2BdaEeD 0.10427 0.60344
0xd8d10ce84df6fe29a95c4ed6b686689693802b2ff87d00d48b5946d84129d354 32 0 0 40000000 0 0x8264dC2DF8CCbE039cFC706D08c87d98e2BdaEeD 0.10406 0.57964
0x7a49b31fdcb0110001afec0113bc35c2b2cb9169ed93ebfaaa07b11af1bbd451 33 0 0 40000000 0 0xa73e4cDEC8CeE1E8102523c9f4219eFca1301868 0.14668 0.65899
0x6d97baf3e3055789fcdb703358be1861d511abf97f109ebc9f70b196c43cd2d3 34 0 0 40000000 0 0x5c6c5E80cb650CB66B48ab594ac8C2af2F2FFADf 0.10738 0.64516
0xceee08c0a321a2c8873a7239e40b0b1b5089771fa923885f55660744f9685ae8 35 0 0 40000000 0 0x737F1513Ae8881a0EC9513bcDEb614D74e835A78 0.10283 0.56644
0x782487431a858c9302fc502a20f02a2ec0a528bec434561010d145445d6dda70 36 3 0 40000000 1720051 0x45ED3e6431955dd94534fCCEe2D3e2F44A5cC364 6.85884 8.38078
0x8957b3ae88c8d9cb885b436f66659f53887ad4462388884c3bf40570aca082f4 37 0 0 40000000 0 0x737F1513Ae8881a0EC9513bcDEb614D74e835A78 0.09910 0.85033
0x82b371078df403dd94cffcf25938b4805a520220d286ceeb2c1fa044d6394e84 38 0 0 40000000 0 0x737F1513Ae8881a0EC9513bcDEb614D74e835A78 0.10764 0.57494
0xc861d84d41613797f12c1c0afb592f774dbf0aefe6818f0c84dfe8beeb35b3e3 39 0 0 40000000 0 0x87EA027bda730e38e3535567EEEF9474778767B9 0.09756 4.03661
0xe328a2f7dc02350a2a5b11154cce4434144e0c39e9befeb41c76580417b1207a 40 0 0 40000000 0 0x45ED3e6431955dd94534fCCEe2D3e2F44A5cC364 0.13484 0.68452
0x0b4477386195e032de972ebaa3670839a2fb72f43d0904a9966db30cd527b699 41 0 0 40000000 0 0x87EA027bda730e38e3535567EEEF9474778767B9 0.09789 0.84795
0x05c0bce244088c6e4afc81034101299f18a7f33d968225ed28db115bed713065 43 0 0 40000000 0 0x737F1513Ae8881a0EC9513bcDEb614D74e835A78 0.10579 0.58533
0x07c51ce1bb8fec5e9729ae889906276341c73ef4bcdf181b65c2474caa1ae902 44 0 0 40000000 0 0x55613471e11325aa70426a7388A2497f3cA4D769 0.09194 3.95025
0x4bcff123cad4d804b09327ca1ae81cf7a06381ed51d67e63dde605a205d300f5 45 0 0 40000000 0 0xB479706256fF5bD48EBDFEfAC76559F34F2E5703 0.11358 0.63557
0x3e4e65ea77b79f17dccbdc428e52abfd02fc936bdb610dcac6be83243d6a9c48 46 0 0 40000000 0 0x8264dC2DF8CCbE039cFC706D08c87d98e2BdaEeD 0.08361 0.53351
0x337f187096eca470a1e20e1c685e0e49e0d3af8400611ef27e4e25a80e7bf865 47 0 0 40000000 0 0x8264dC2DF8CCbE039cFC706D08c87d98e2BdaEeD 0.10448 0.60898
0xd877ba0bc00d183d326de3a0a1021a83dabb5f309b0bf7f1fbb0359cc66852a3 48 0 0 40000000 0 0x8264dC2DF8CCbE039cFC706D08c87d98e2BdaEeD 0.10240 0.62486
0x24f42abf3188353d8e843f629134ac37a0f0ec3c678ddd88b2f0595c0ff92c6d 49 0 0 40000000 0 0xB479706256fF5bD48EBDFEfAC76559F34F2E5703 0.11820 0.64116
0xd8a008effac9d83d0ced4ae333328a98973ffebc743b43d3d48ec5b8af2479d0 50 0 0 40000000 0 0x737F1513Ae8881a0EC9513bcDEb614D74e835A78 0.09178 0.56087
0x5267e349f74e5f36d19494a652a432c8501e4b83bfd12f7891e442a0b11d94ec 51 0 0 40000000 0 0x87EA027bda730e38e3535567EEEF9474778767B9 0.09657 0.58206
0xe62a36f16a3bd4ce752ecb4115c873c8239d05106f3105a749e4031f87c0f2c6 52 0 0 40000000 0 0xbd5e6823fB845151b633fDe0031F70Ab7CB19E48 0.15043 0.67597
0xa311bdcd91b714014ee06f282bbccc85dca40469bf314fdf5b0c554f3f6ba07e 53 0 0 40000000 0 0xCfe5069D46FEe9EE02f8DDF9890b526f3f6DbAbD 0.10214 2.10648
0x36561b1a2cac5bddf4fba4299cd692bc013d95fad686152e44931d0512c1e93f 54 0 0 40000000 0 0xa08c70f7328139FF6da6F2a1A70d3E8a14879491 0.11769 0.63354
0xf52e397b0fd12f8dd5fe810037c8723bd64ccfebe8c34d86e90899b2138b44fc 55 0 0 40000000 0 0x737F1513Ae8881a0EC9513bcDEb614D74e835A78 0.10393 0.60394
0x0c9221a1e6328dfa8770901b5ff18a89cba2f5077f4d5af6b3dc8e677c7219fb 56 0 0 40000000 0 0x76D1aF7aC51134707802b71CBdCa8b58Af406A89 0.10641 0.68900
0x0592a971a0c6898a494e23d3d81bcba57874c01961997b28e48c194e43a0e37c 57 0 0 40000000 0 0x5c6c5E80cb650CB66B48ab594ac8C2af2F2FFADf 0.08500 3.20978
0x0d0441a497d4e53dfcd8c3298d8371f393c11e6365b8178bb0aec1505a99382f 58 0 0 40000000 0 0x737F1513Ae8881a0EC9513bcDEb614D74e835A78 0.09597 5.00432
0x07c06db2f766506135f84dfb5bc40c1c0547f088edacf1db3bd7164c935e4505 59 0 0 40000000 0 0xa73e4cDEC8CeE1E8102523c9f4219eFca1301868 0.12448 0.68226
0xc923b95df4f6284c33569b5c37e56315e63117d26f1c1698dd6b3944a06cfa1d 59 0 0 40000000 0 0xa08c70f7328139FF6da6F2a1A70d3E8a14879491 0.10772 0.63011
0x327e4fd85f523ca9f3c4aa0ad2ba89dbb778dbb71176ff663a2502987f8af082 60 0 0 40000000 0 0x76D1aF7aC51134707802b71CBdCa8b58Af406A89 0.17526 1.02844
0x02a15812cb78c0739fe84d82a0d23f252226636465e42aff9aaca4b6c45efa55 61 0 0 40000000 0 0x737F1513Ae8881a0EC9513bcDEb614D74e835A78 0.10841 0.59656
0x388812850701777b183c878fa279d57eea235440053e21e084c7ed7acbda7efc 62 0 0 40000000 0 0x05c591e3439fEdD5FA4FAD223Fc4e59D86aa7DC7 0.11661 0.63107
0x6b9048104dadb3119dfa14383a095f4c33b2e4d9dc87e09d18c4fffeb409c961 63 0 0 40000000 0 0xa73e4cDEC8CeE1E8102523c9f4219eFca1301868 0.09769 0.69172
0x5055d42507373019b558098c558e52ccbb6d8651c919d2fd8cac3202516676fa 64 0 0 40000000 0 0x87EA027bda730e38e3535567EEEF9474778767B9 0.16168 0.68598
0x0a58b5f85e5e92ba06a3af095de583ce61a184ace2490521155da582b97f7d17 65 0 0 40000000 0 0xB479706256fF5bD48EBDFEfAC76559F34F2E5703 0.11883 0.59527
0x2980ff998106f805f50cbfda025ad1e469e4fdeb65230bd8ec7a0874c77d1ac8 66 0 0 40000000 0 0xB479706256fF5bD48EBDFEfAC76559F34F2E5703 0.11871 0.62347
0xb19101bc9c2f80b558c0ef8702e29a4216a076611c18004973cd995a9ff5aa04 67 0 0 40000000 0 0x55613471e11325aa70426a7388A2497f3cA4D769 0.14951 0.85061
0xcc952c9ca81c617cb6192374da2ba96959af168bac757b95301d5090af163dee 68 0 0 40000000 0 0x93360F8D47A06D98601c702315E22782757DaDE4 0.10981 0.61710
0x1fdcf501430082952714cd74209a300c6f08cb326f25b05274803b93feda406a 69 0 0 40000000 0 0x737F1513Ae8881a0EC9513bcDEb614D74e835A78 0.12132 0.60369
0x17df297091b5c4acd89fef61265b84eb6a44fe69a9fa779f9ab892b2331f0f34 70 0 0 40000000 0 0x8264dC2DF8CCbE039cFC706D08c87d98e2BdaEeD 0.10147 0.61394
0x59ef1b6d89115e55e2309c609c457ce6e792d3de53623fb28a987dd13671f048 71 0 0 40000000 0 0x737F1513Ae8881a0EC9513bcDEb614D74e835A78 0.09648 5.92321
0xb2add2dbc2c139980c067415d52eb96ed126a97d275cef552bc71c034978f699 72 0 0 40000000 0 0xa08c70f7328139FF6da6F2a1A70d3E8a14879491 0.09878 0.56475
0xca5088feb80427af05fc0fe0fbc4f0b877a8d5173d2a73d03c26c32ac28f9418 73 0 0 40000000 0 0x55613471e11325aa70426a7388A2497f3cA4D769 0.12001 0.67091
0xebdf0356b7cff6c75b543e735636c39790a7aa5da84c645e92d3dafa02f84c8f 74 0 0 40000000 0 0x5c6c5E80cb650CB66B48ab594ac8C2af2F2FFADf 0.09756 0.60763
0x2d7b488002d6abc7659ffb6590f74b0a507c089495dc515e5b54832ffe2f7a3e 75 0 0 40000000 0 0xbd5e6823fB845151b633fDe0031F70Ab7CB19E48 0.11172 0.74128
0x2a4d371bbcc3bee971147e45bd7cd9cd135c3a174e3541260cd79d9d2efd0cce 76 0 0 40000000 0 0x8264dC2DF8CCbE039cFC706D08c87d98e2BdaEeD 0.09857 0.60947
0xa76708bcf9dae85137fc7d74fb4e70e329851215c3539960d6a34a875e48000a 77 0 0 40000000 0 0x76D1aF7aC51134707802b71CBdCa8b58Af406A89 0.12433 2.12347
0x7ef0053f61559be1221e0c448553ddbbff4a08901757d3b323669ceae2baea48 78 0 0 40000000 0 0xa73e4cDEC8CeE1E8102523c9f4219eFca1301868 0.10971 0.77097
0x60c936f08b2481dc7f71c841676f9040cc3ab30ad7b54326cf8fb527d90675e2 79 0 0 40000000 0 0xa08c70f7328139FF6da6F2a1A70d3E8a14879491 0.09864 0.57865
0xc3b1bd5d81480c014f994ac362323fb3a57f1e9a3421b2e64aac390d9aafbb52 80 0 0 40000000 0 0xa08c70f7328139FF6da6F2a1A70d3E8a14879491 0.07694 1.90409
0x985d5d56f3b816ade957076f3f5ced74b72ea2fe95ebd658799fa8d0dda3dd94 81 0 0 40000000 0 0x5c6c5E80cb650CB66B48ab594ac8C2af2F2FFADf 0.21364 0.72222
0x25e4cce2ddf003b528ad30c0dd3c51e10bf4d005b744e7fb11a819b128fe38f2 82 0 0 40000000 0 0x20F9130D298d062078DcAd6C8DfE8edb8Ab169Cb 0.12580 0.63292
0x040656fb735c0a9750e124962b9869e260622bec1b20c63d83f0da15ceb3f076 83 0 0 40000000 0 0x737F1513Ae8881a0EC9513bcDEb614D74e835A78 0.09864 0.54305
0x932dde758cbc69f67b1a05f9c9e1ab4655e7c16cde249b01dd0e474be05f21e4 84 0 0 40000000 0 0xa73e4cDEC8CeE1E8102523c9f4219eFca1301868 0.11617 0.67912
0x602b2cff6763c6cc666221c2454e1772ed1e86b3e306ae3ae9c80ec051939acd 85 0 0 40000000 0 0xa73e4cDEC8CeE1E8102523c9f4219eFca1301868 0.11159 0.66973
0xcbca7f6fdf3d2bff47b2007939854aa0ac1b0885b96218ac32637fdfa119f776 86 0 0 40000000 0 0x05c591e3439fEdD5FA4FAD223Fc4e59D86aa7DC7 0.11668 0.62670
0xa7f858c8d8f92461741396afdf666a9ecc647552a2e37ea188fd3da191c835e6 87 0 0 40000000 0 0x4Dfb9205dC101Db8EaEfd53fC8d2E67EA3857E18 0.10289 0.55763
0xb413f9ac8cb5ebd11ff815498a326ca5f75c5b525440713bfc86f93b232cb820 88 0 0 40000000 0 0x87EA027bda730e38e3535567EEEF9474778767B9 0.15021 0.72120
0xa12148d7a2fb6bb65f2ab698e73da0a9965e78a3bdf11813d801667626cbc4f9 89 0 0 40000000 0 0x20F9130D298d062078DcAd6C8DfE8edb8Ab169Cb 0.08747 0.51914
0x7f3a225e7d5c6919e392b49910183507a5db79f4bc5a45fdd8d90465644c82a5 89 0 0 40000000 0 0x737F1513Ae8881a0EC9513bcDEb614D74e835A78 0.10370 0.67115
0xbe479bdfb8c0a7a56a5c61751d295223b759e04fed71c59d0cf49dca0852a16f 90 0 0 40000000 0 0x737F1513Ae8881a0EC9513bcDEb614D74e835A78 0.15660 0.75463
0x4cafe28541e61332fcc241498b3ea2f81a17e75ef804586a252b51431aac40f4 91 0 0 40000000 0 0x05c591e3439fEdD5FA4FAD223Fc4e59D86aa7DC7 0.10231 0.54778
0x61885005a5f12fe3c36f0380f887599cdd0edfc215acea09bbc36b273b9892d6 92 0 0 40000000 0 0x87EA027bda730e38e3535567EEEF9474778767B9 0.10428 0.56124
0xbda5bd864ccf60c905340fe34a6e13afbea8d1ff6bc0866baef6a651faf74a1a 92 0 0 40000000 0 0x8264dC2DF8CCbE039cFC706D08c87d98e2BdaEeD 0.10043 0.54472
0xa38f365ffe44a21f96de602be3e2d60c96b4c269dfc6ac62c1521896da3bac8b 92 0 0 40000000 0 0x44306131f3054487f32CD742583Db0Ed7a2b2Eb3 0.13223 0.83887
0xd9c588eb93239bddc0641129f99c286b06d09e0ea492b3372893830737ffb3db 93 0 0 40000000 0 0xbd5e6823fB845151b633fDe0031F70Ab7CB19E48 0.19605 0.96969
0xfa485003a6a40e16eb4c0edbf4b41338656f6b49b9412b15e5fcab026a56ad18 94 0 0 40000000 0 0xC33Bf7D527CBC131d544b2c96C8B5F75c03AbC89 0.11662 0.62756
0x77850f58f9e90feceb1472a84be0f52ab54a5ad6743f17f0f769a04ec098c081 95 0 0 40000000 0 0x0309940edE09b58c0079f3333e8CC6467aEc32C7 0.11862 0.70030
0xdf6bfcf05805d94235668b8c0edd60830f4db39a231373467db39e59a3fec68c 96 0 0 40000000 0 0x44306131f3054487f32CD742583Db0Ed7a2b2Eb3 0.11083 0.56686
0x58203161fd022f4d4c8f38e9326662534aa0d78df8d55588ab9bd3944e26c6a6 97 0 0 40000000 0 0x8264dC2DF8CCbE039cFC706D08c87d98e2BdaEeD 0.07324 0.50285
0x11222073ce021b3d4e3fd517b90426fb1c8ae0cb7f5b3d030e58c76ac58bf115 98 0 0 40000000 0 0x8264dC2DF8CCbE039cFC706D08c87d98e2BdaEeD 0.09328 0.48432
0xf945be78a85168865a2acdbfd0ddb198c2d7d315bb2a3466876fd8a069cba954 99 0 0 40000000 0 0xbd5e6823fB845151b633fDe0031F70Ab7CB19E48 0.11678 0.64387
0x2bb7f68adecabba996d4cc1de93c8419f43eb4258029194c6d6823ec1a1ef902 100 0 0 40000000 0 0xbd5e6823fB845151b633fDe0031F70Ab7CB19E48 0.12512 0.76790
0x423884839ef8bce6de2666ded2ccdaf4a262cd0a450da5df147cbd107f01236d 101 0 0 40000000 0 0xbd5e6823fB845151b633fDe0031F70Ab7CB19E48 0.12234 0.66758
0xc812a60bdb24b8519b33d73f3353be60454279aab12429aa7c32712317a6ece6 102 0 0 40000000 0 0x737F1513Ae8881a0EC9513bcDEb614D74e835A78 0.10880 0.63406
0xf081d190bf540d3724f8e5fde4fa421632905f4cf9b1524b457a88261d692c66 103 193 0 40000000 4105496 0x8264dC2DF8CCbE039cFC706D08c87d98e2BdaEeD 95.15389 101.15454
0x36ffae03817b969d8f0c263a5c1480d5216709a5bedd12a6bfe8387c244bb086 104 1314 0 40000000 27951408 0xB479706256fF5bD48EBDFEfAC76559F34F2E5703 293.70124 319.99207
0xcfac786dbc9fa8d97aa229496d2c63a36a50fa6928a140c5f9320305b9b759fb 105 162 0 40000000 3446064 0x737F1513Ae8881a0EC9513bcDEb614D74e835A78 56.69566 61.18760
0x408ee4bc1b0413c70c082a5921d2f8aa2aab5174b3215b0a25c7233cd03935b8 106 1869 0 40000000 39757368 0x737F1513Ae8881a0EC9513bcDEb614D74e835A78 482.63867 509.12673
0x341820bb7e362880afdebb4585ef31436e1591ee0c82dd944d815a2569d79155 107 828 0 40000000 17613216 0xa08c70f7328139FF6da6F2a1A70d3E8a14879491 115.24556 129.01933
0x38e8b28f344347af4f3920d474e4057e7a3d41f0cb4816583c19cf1e294e1197 108 605 0 40000000 12869560 0x737F1513Ae8881a0EC9513bcDEb614D74e835A78 81.95753 92.01902
0x061bc6807d1cc5b61f639863563ec9d079443dadcb384a35a2c135008b4a89d4 109 168 0 40000000 3573696 0x737F1513Ae8881a0EC9513bcDEb614D74e835A78 52.94534 57.27151
0x342051337402c25712233dc82ee8366be2db06d733675215db4ef6f83ae27f03 110 1869 0 40000000 39757368 0xa73e4cDEC8CeE1E8102523c9f4219eFca1301868 302.71031 330.02363
0x4f37e4cf2292edc179ab3bffd8ab87108745ed6f4cf7a5febc54c94967fdfbb6 111 1185 0 40000000 25207320 0x20F9130D298d062078DcAd6C8DfE8edb8Ab169Cb 309.62305 334.54334
0xac908917a2f755d9d5792be9682f69db20df0186dcb60542e4743dc5bfba8d4c 112 1461 0 40000000 31078392 0x87EA027bda730e38e3535567EEEF9474778767B9 237.81432 260.13020
0xd09fc2313a936a4e75b6dda6cbd77e0b54821f4de8c6eb8eaa8c36b03cc2f77c 113 1299 0 40000000 27632328 0x8264dC2DF8CCbE039cFC706D08c87d98e2BdaEeD 269.31939 292.11905
0x42d61c3a227352ce8449d2f21da2c8d78d65a2b7aadbe783684c4b52fcb6c883 114 445 0 40000000 9466040 0xbd5e6823fB845151b633fDe0031F70Ab7CB19E48 78.96445 87.21956
0x42d0f724c9cbbcc06b76d8a4390f3e0ac25fc2a0371a7bb6c4803584f7257e27 115 1869 0 40000000 39757368 0x737F1513Ae8881a0EC9513bcDEb614D74e835A78 667.30558 704.24837
0x6cdf87b1f6bf9e5251ed84cd6bf206540b4a3b23032ef49df5564e254252103a 116 1869 0 40000000 39757368 0x737F1513Ae8881a0EC9513bcDEb614D74e835A78 657.37533 684.16351
0xd2c90ca7e345add76c36804a684c5327d56828f7edb699539b9b843ac8028f95 117 469 0 40000000 9976568 0xB479706256fF5bD48EBDFEfAC76559F34F2E5703 62.29599 69.64109
0xde451a70d82d197757fb0b73bcd9937d40c4719a94b4fe75bd83e3571c475c81 118 83 0 40000000 1765576 0x8264dC2DF8CCbE039cFC706D08c87d98e2BdaEeD 36.99439 39.09101
0x2d7e62567fa367b6541300da8050b7ff33fd7a10554a63d13f4488f35618c4ea 119 325 0 40000000 6913400 0xa08c70f7328139FF6da6F2a1A70d3E8a14879491 103.75038 108.88760
0x979aa8a185a503143d04d8b3fe2c94e010531f67e525a61fb8cd39b9f219a5e2 120 21 0 40000000 446712 0x737F1513Ae8881a0EC9513bcDEb614D74e835A78 3.86703 4.78290
0x7bfc98e4391854c1f112128025b916b84ad2d6b41f8e1d383b0c89bae353edf6 121 9 0 40000000 191448 0x737F1513Ae8881a0EC9513bcDEb614D74e835A78 1.41935 2.11966
0x44875b0d3154476635be58b9528ace1f3661b5c5ea45c24b97a95a449f1b824d 122 292 0 40000000 6211424 0x87EA027bda730e38e3535567EEEF9474778767B9 48.94846 55.05080
0xb68bca43071d33c11bb00a9829c15d7c2d26d7343044bec9ec553684f476ef9e 123 249 0 40000000 5296728 0x8264dC2DF8CCbE039cFC706D08c87d98e2BdaEeD 27.93753 32.01777
0x23c3a2db612209da7167f064f1dfb6438cf06d583fb8e5dca846804c88e3c64f 124 48 0 40000000 1021056 0x87EA027bda730e38e3535567EEEF9474778767B9 15.78380 17.39268
0xde10a90a480a6b271ad7c03395626b9a574c89233468619610716b510e10008c 125 60 0 40000000 1276320 0x87EA027bda730e38e3535567EEEF9474778767B9 20.26083 22.02565
0x276f969654fef3f6a8101c82cfde076ea708d5faa21dddd5d5f0dda8fd029cf7 126 24 0 40000000 510528 0x8264dC2DF8CCbE039cFC706D08c87d98e2BdaEeD 3.88251 4.86021
0x57cd214da7bd90dfe580a6268a1e17af68687d60bfbc7cec5b8762ea9a8672c3 127 421 0 40000000 8955512 0xbd5e6823fB845151b633fDe0031F70Ab7CB19E48 61.19278 69.49397
0xcbb52d4cab97da8f1d6289f679d8043f4b995239dcaadc8e5bd43fa0542bf5d3 128 447 0 40000000 9508584 0xB479706256fF5bD48EBDFEfAC76559F34F2E5703 51.20401 57.91048
0x8fa188488c27a5ab2320c5967211ee5d677755020889224dff4ca7d2296c30a0 129 581 0 40000000 12359032 0xa08c70f7328139FF6da6F2a1A70d3E8a14879491 68.18272 76.74964
0x38c8b8e4350717b4439ada41754bcb1f52e0f1888bb0421200094ddcac24679d 130 635 0 40000000 13507720 0x4Dfb9205dC101Db8EaEfd53fC8d2E67EA3857E18 102.71101 116.50268
0xb3432564c7d91ccd1c465216c1aee5fca84d390f19edfd24af17cde82c69bceb 130 626 0 40000000 13316272 0x5c6c5E80cb650CB66B48ab594ac8C2af2F2FFADf 76.10956 94.20977
0x5eab95df945894b4a9b011d345cc1b82858ff286c9a685017124cc290b3e7d1d 131 507 0 40000000 10784904 0xa73e4cDEC8CeE1E8102523c9f4219eFca1301868 101.89956 137.63492
0x48487d411e94e24e82c5741b9611fcda905188fd134b31c3e0d7652e35c4ec49 132 1152 0 40000000 24505344 0x2f2Ef10b7Ef485579344797f058462A567838542 273.58102 292.21038
0x32b5ea8101883b0a60206eec871b57a8838f152fc03bec5c1b0499a1a0386d73 133 711 0 40000000 15124392 0x76D1aF7aC51134707802b71CBdCa8b58Af406A89 144.93293 155.72690
0xfd97933723bb3a39429b7d70952d0e9c1827b96dd5fa59f7ceae45a0e0d2d9f6 134 29 0 40000000 616888 0x5c6c5E80cb650CB66B48ab594ac8C2af2F2FFADf 9.48614 11.14820
0x314b5ced94ca8991a669bc90d3369921bd5a42ea23b50064a9ad94211b7e067f 135 94 0 40000000 1999568 0x737F1513Ae8881a0EC9513bcDEb614D74e835A78 35.57957 38.29540
0x5f04ed9e76dd187a631691a76f042fe241afd493efc77276e49f9b3c5bb9dd14 136 0 0 40000000 0 0xa73e4cDEC8CeE1E8102523c9f4219eFca1301868 0.11197 0.61129
0x63fb18bc35d0f98127c5a9f958baf947222d8f3ea3df73e0d43e2015d473085d 137 563 0 40000000 11976136 0x08f25E63785D374CF0d5CDEfb84693c784A34565 203.94018 216.25156
0x2f3fa7ee74226e1ae4cfbbbec70aeb82b95f2f1e5135a792bbd730cf7b08e124 138 123 0 40000000 2616456 0x87EA027bda730e38e3535567EEEF9474778767B9 33.95250 37.31559
0x26b459db3f314095618303b04ac69dc03375f3b4b6143708244d8cea0aa67399 139 54 0 40000000 1148688 0x8264dC2DF8CCbE039cFC706D08c87d98e2BdaEeD 9.41704 11.12743
0xea38ab24bd02a0948aa7cb5499514b3c60bb9e14cae49520c086a2f11990eb41 140 390 0 40000000 8296080 0xbd5e6823fB845151b633fDe0031F70Ab7CB19E48 147.11448 157.09400
0xbfc6b6a5c9f1a0018675c5984137489ce1f7300adfc89caaac21a8fa9ac6b81a 141 4 0 40000000 85088 0x737F1513Ae8881a0EC9513bcDEb614D74e835A78 1.06816 2.06317
0x2878604c71141ca8ad0da2c7d2c6b1b21659bc725a01627860befcde369ff9f9 142 59 0 40000000 1255048 0x737F1513Ae8881a0EC9513bcDEb614D74e835A78 14.06766 16.29118
0xa729604107d68964e1a37a419af591f790890e205fc91305bae53acbb48b4bc6 143 735 0 40000000 15634920 0x55613471e11325aa70426a7388A2497f3cA4D769 212.21134 223.59154
0xc99a60fca7fdea1a34ef08f5bc8b03c6816508b8adc0b849708b9f8ff9536388 144 31 0 40000000 659432 0x87EA027bda730e38e3535567EEEF9474778767B9 7.63881 9.29644
0x3b5fb86fc2f798a5405dbfb1267c84de8e8f3b0b350bf72b4dfe806a7dcbb4be 145 12 0 40000000 255264 0x8264dC2DF8CCbE039cFC706D08c87d98e2BdaEeD 4.24744 5.56773
0xb93a4894a8e687204f3ae3b858371956ee5f646ad64b99c751bf6a80f7b2f63d 146 65 0 40000000 1382680 0x8264dC2DF8CCbE039cFC706D08c87d98e2BdaEeD 18.38119 20.36212
0x55a7452bb4e97ec46462290afc96f7465d1fc5c605d9fdd7658664e7b47eb42e 147 1843 0 40000000 39204296 0xB479706256fF5bD48EBDFEfAC76559F34F2E5703 260.19036 288.94402
0x9d3b2a2bfe4c87698a0188ebfa514a21393754c74e699e5355437075a0dddf12 148 92 0 40000000 1957024 0xa08c70f7328139FF6da6F2a1A70d3E8a14879491 40.27355 43.30872
0x70ac1cee7f6e6198e807638d1ecb26d53d45608ad889bb340642ee8bd6399418 149 1039 0 40000000 22101608 0xa73e4cDEC8CeE1E8102523c9f4219eFca1301868 137.59178 153.19975
0xc4e25f2ef337e44dcddb5a3c3ab3ea91fe7146506a721e357a875855c70c9d73 150 756 0 40000000 16081632 0xa08c70f7328139FF6da6F2a1A70d3E8a14879491 100.85074 115.48702
0x2bcd819a868c44f89d8a9ab54c5c2626a90c387e6eb135a1134d182f26685455 151 13 0 40000000 276536 0x737F1513Ae8881a0EC9513bcDEb614D74e835A78 6.86098 8.06742
0x3dbe697521376f5f3540b0ee04ebae3fd35f4b0ddd63a0f5a3169fa274709499 152 90 0 40000000 1914480 0x737F1513Ae8881a0EC9513bcDEb614D74e835A78 29.15357 31.97351
0x875e2b17c6c2fc601b7abaf961f1a32e1715f797729491d65d4ee1add5c9c5a8 153 174 0 40000000 3701328 0xa08c70f7328139FF6da6F2a1A70d3E8a14879491 162.78493 168.33622
0xef88e2737599b46cd64eabb44eba637e0e73b128b1a62ee49f0f7d63c8e605f8 154 57 0 40000000 1212504 0x5c6c5E80cb650CB66B48ab594ac8C2af2F2FFADf 19.93548 21.80735
0x5fc3fe49d92d3d9f6f6aceaf92576fef3c82e6e339ac7f5ae3d66188148c3c07 155 87 0 40000000 1850664 0x87EA027bda730e38e3535567EEEF9474778767B9 24.05644 26.34797
0x22c1512f87a6f20f43ec7e316caaf8591a0fcdf0075f7d4ff85c3d98a3177e7c 156 10 0 40000000 212720 0x8264dC2DF8CCbE039cFC706D08c87d98e2BdaEeD 1.49994 2.50788
0x641b9e9c904a3ceb04a76eefadc037adcdc454e664cb44dcbde470d0329fcdac 157 8 0 40000000 170176 0xa73e4cDEC8CeE1E8102523c9f4219eFca1301868 3.99910 5.24754
0x42219fb92ed85670c9b806e59e547ed51e0ad569d9afe507823836d49279336b 158 13 0 40000000 276536 0xbd5e6823fB845151b633fDe0031F70Ab7CB19E48 1.97478 3.78279
0x38ee06b030c277c14c2abe30cec8490e0c10bfc6dad07ce36e04261f5f9a968f 159 200 0 40000000 4254400 0x737F1513Ae8881a0EC9513bcDEb614D74e835A78 81.33887 86.82445
0xd4a15b47663c196a4da9fb6591d2968a4b7ab8a9cb6ec353e5b0ef9b5c0b2052 160 740 0 40000000 15741280 0x76D1aF7aC51134707802b71CBdCa8b58Af406A89 146.92442 162.83130
0xbdf7fbf25c07e04fa13a8aafaf43da7c6f75799e515f585782b25acb1c9c6230 161 259 0 40000000 5509448 0x737F1513Ae8881a0EC9513bcDEb614D74e835A78 101.25887 107.82582
0xd3a0d700daf00a77dcd6ba636a0a5ca5c9077de7f2fc1adf3422ecdc0856aafe 162 527 0 40000000 11210344 0x55613471e11325aa70426a7388A2497f3cA4D769 72.95388 81.79176
0x7ba2bfd9a03790ee4e21cea3adaeb97fce700f59573f581c53190493d0624356 163 23 0 40000000 489256 0x87EA027bda730e38e3535567EEEF9474778767B9 3.24238 4.62316
0xd83c553af6d2483285b29cf4ca99289bea12fb8d56a8e948492845eefe3b7d44 164 3 0 40000000 63816 0x8264dC2DF8CCbE039cFC706D08c87d98e2BdaEeD 1.37447 2.06590
0x56e10bf350cc9d0e34de8a22c2e2524565037c3763c5bfcf2bf46329195de755 165 83 0 40000000 1765576 0xbd5e6823fB845151b633fDe0031F70Ab7CB19E48 25.02163 27.23734
0xdf585c9702658785d0069ff8160befd59e883565bd4e6a8ceb175cf7d8384972 166 271 0 40000000 5764712 0x87EA027bda730e38e3535567EEEF9474778767B9 82.78894 88.06322
0xd6735bf7d52a648200c35d91a152685d243c72cc269cef4be6b42f6789c871ba 167 26 0 40000000 553072 0x8264dC2DF8CCbE039cFC706D08c87d98e2BdaEeD 8.78349 10.50330
0x6cdb790fc1aea5430384a5beaadce1846e4e63c337334f6c33afc0254f58187f 168 23 0 40000000 489256 0x8264dC2DF8CCbE039cFC706D08c87d98e2BdaEeD 6.28864 7.70897
0xd38308435d405c0ebc4517f77c2653f89a388552d6c44e7ec0a0bff220a16e56 169 641 0 40000000 13635352 0x737F1513Ae8881a0EC9513bcDEb614D74e835A78 111.78085 122.21772
0x62a065ab2171e5e792e43e5796af00f97c2aa7aaa860f97a902029429e122712 170 300 0 40000000 6381600 0x737F1513Ae8881a0EC9513bcDEb614D74e835A78 39.28691 44.62773
0xaa4d84c582a49a8c909935ea04a9dcc21ae28d0c27fc0ef1fce35c1ad07dc36a 171 1544 0 40000000 32843968 0x737F1513Ae8881a0EC9513bcDEb614D74e835A78 294.65173 321.19710
0xa298563b1dc56a3dfaf9205a1ee56ed12281283c865df8f9f22d05b9e7d3cce0 172 481 0 40000000 10231832 0x737F1513Ae8881a0EC9513bcDEb614D74e835A78 87.69443 97.77155
0x46f00705abf62c0aaf511cbdb723fd223e3392ab06f82bf79601f301ad8ecfe3 173 118 0 40000000 2510096 0x87EA027bda730e38e3535567EEEF9474778767B9 32.86238 35.72000
0xde5dd460f0664d461c810b43558b6fa8b69fa88165440ec3c029102b280ad27e 174 59 0 40000000 1255048 0x8264dC2DF8CCbE039cFC706D08c87d98e2BdaEeD 15.59028 17.88460
0x3d2d8c39fbc37dcc1756172e30534ada0eb5e71b639fb29b54e34ea74500cfe8 175 395 0 40000000 8402440 0x87EA027bda730e38e3535567EEEF9474778767B9 83.87395 93.31275
0xebd09e41496770bc38697f82e0487b7019a80112e01914ee53e857e76940d46c 176 62 0 40000000 1318864 0x8264dC2DF8CCbE039cFC706D08c87d98e2BdaEeD 18.91223 20.86985
0xe5efcaaed947afaaf75fdd9eda1aa99e498f8489b4735bf2153fe128fea12190 177 1421 0 40000000 30227512 0x737F1513Ae8881a0EC9513bcDEb614D74e835A78 195.08078 217.15526
0xd467cbe80cb4313cd1857ce30fb10d042cde5cfc32d01376ffd3801e4d02d456 178 121 0 40000000 2573912 0xB479706256fF5bD48EBDFEfAC76559F34F2E5703 71.89946 74.67499
0x9f1ffcf1fd65457b6d388b332940b4a074ff990c94752900553c4507a1153f67 179 241 0 40000000 5126552 0x737F1513Ae8881a0EC9513bcDEb614D74e835A78 31.90442 36.47375
0x1f3bec415256fa61f100326d3d6b52067d2642c00229ccbb827e76da28598eca 180 680 0 40000000 14464960 0x87EA027bda730e38e3535567EEEF9474778767B9 130.87210 145.16029
0x1967177f4052150c20c18f3464f0c10281c8868030ff063b7fb7efefe7b65aa1 181 60 0 40000000 1276320 0x8264dC2DF8CCbE039cFC706D08c87d98e2BdaEeD 19.04115 21.06619
0xeffadf2cb2701e2b053252ab46b3b2183cc80a54c7c3d53e94fcfb8a8eef602e 182 306 0 40000000 6509232 0x737F1513Ae8881a0EC9513bcDEb614D74e835A78 88.98056 94.56573
0x3d98de47cc8288adbfe000f91f63c7bbafc96baf0f24a007c76aa003b66861d1 183 1092 0 40000000 23229024 0x737F1513Ae8881a0EC9513bcDEb614D74e835A78 241.90125 265.72488
0x1388de217bc9d7dc3a9789de3a2245650289ab8131d6cb8b3b9fcf5e2b7013a4 184 40 0 40000000 850880 0x737F1513Ae8881a0EC9513bcDEb614D74e835A78 18.52416 20.23880
0x14e9ba504cb48f5e1c43f71bc5923674dc0a2bc3f7891765ea82f35430a4aec4 185 229 0 40000000 4871288 0x737F1513Ae8881a0EC9513bcDEb614D74e835A78 33.41243 37.86334
0x2c680e49b88c64be6abc2b76e0ce9e0477c20cb4a38d3f1bd8da7f662a17da2b 186 158 0 40000000 3360976 0x737F1513Ae8881a0EC9513bcDEb614D74e835A78 49.28091 52.63230
0xcfc96659f80024b549b773e1bdd4957cc77f1faa9ae6fa98a33193e5d81a054a 187 125 0 40000000 2659000 0x737F1513Ae8881a0EC9513bcDEb614D74e835A78 20.14401 23.17450
0x2f6e43ea5639827fe614e764839a4e0ec62b23e059221b72ad7c6bc72f1babfa 188 598 0 40000000 12720656 0x87EA027bda730e38e3535567EEEF9474778767B9 106.54363 119.43229
0xefd30dd86dcfcc7f322449185b12a1b341ea2de67d38fe4fd74aa2e6e0fbfcb5 189 95 0 40000000 2020840 0x8264dC2DF8CCbE039cFC706D08c87d98e2BdaEeD 40.76906 46.22809
0x64cc5cab5c7dcc60a2d34d8e424f1fd79818c732d725e608eb39f8beb1f4842a 190 22 0 40000000 467984 0xbd5e6823fB845151b633fDe0031F70Ab7CB19E48 5.55824 7.31827
0x42b017cc678f6a9c3eda627c654424a781895ea27ffa6dfbf049a2c61d6f723d 191 264 0 40000000 5615808 0xB479706256fF5bD48EBDFEfAC76559F34F2E5703 112.36089 118.26235
0x6d8b3874713214a3a32d126d98ea18c9720b855fb5f65f6c1bd9155beeb354bf 192 507 0 40000000 10784904 0xa08c70f7328139FF6da6F2a1A70d3E8a14879491 92.02313 100.30896
0x88c149633b5946d4b1e2537d35af5a60a0a9b6cb9da405406381bf99190eb06d 193 300 0 40000000 6381600 0x737F1513Ae8881a0EC9513bcDEb614D74e835A78 117.38693 127.93862
0x949b15cfa9a04e8ebc366d9a6a670971cf4d5e24425ac280c7ff6dc0ebf5e93b 194 618 0 40000000 13146096 0x87EA027bda730e38e3535567EEEF9474778767B9 239.81351 249.70272
0x90c204e5b1d706cf5771cd0b565bcf88855ec0b21c11a459564a1d110dcd98d3 195 77 0 40000000 1637944 0x8264dC2DF8CCbE039cFC706D08c87d98e2BdaEeD 47.07354 49.98927
0x40a721b0ac0725c97715534b54329c4e3abde85194d6cdac8a48d5090bbd07d4 196 531 0 40000000 11295432 0xa73e4cDEC8CeE1E8102523c9f4219eFca1301868 68.22257 76.83725
0xd7e107e02844a2faf78211e0a9072f92b596d18310e6cc0aaa8c7a9505eddd76 197 118 0 40000000 2510096 0x8264dC2DF8CCbE039cFC706D08c87d98e2BdaEeD 51.14417 54.51369
0xd1b6ad1ad402fff467c288e38a1485a88daa5c0a2750e8a5e9c42585f93c31f5 198 12 0 40000000 255264 0xbd5e6823fB845151b633fDe0031F70Ab7CB19E48 5.23438 6.77759
0xc74633d7119b946cedf4f292502f6b87e7d8fe4651cad5917696da529825af42 199 292 0 40000000 6211424 0x737F1513Ae8881a0EC9513bcDEb614D74e835A78 112.73057 119.03068
0xc8372d556e10362c29cd0b4ff62cf2df546e3a102b942ce8d04c823dbd389f1d 200 516 0 40000000 10976352 0x737F1513Ae8881a0EC9513bcDEb614D74e835A78 74.10564 85.21697
0xde1aa34afe12ca75fb6f10aba2101347c9ced5daf818da82e6f230c176de738b 201 735 0 40000000 15634920 0x87EA027bda730e38e3535567EEEF9474778767B9 96.28241 108.25418
0x8911988b170c30a64bb04ef043725c63ed5383ebf02b29dac19380d139aae693 202 34 0 40000000 723248 0x8264dC2DF8CCbE039cFC706D08c87d98e2BdaEeD 13.95256 15.68681
0x8a47d6dd8e6e11310d96766ca430d05a5e079da91769ac3f23a712e28c1df3ba 203 22 0 40000000 467984 0xa73e4cDEC8CeE1E8102523c9f4219eFca1301868 3.62791 5.25922
0x69fcf91eca7ee849b5bc5c0c43a24f73e4da5bd85da87c2ecbc68dc891a80a15 204 292 0 40000000 6211424 0xB479706256fF5bD48EBDFEfAC76559F34F2E5703 112.41181 118.19112
0x8d4b6526ab9a97bb050ad7d9b68663eb2d1baa8d36556a46c1d98bd57d4386cc 205 38 0 40000000 808336 0x737F1513Ae8881a0EC9513bcDEb614D74e835A78 9.31982 11.46289
0xc36c415891afa375aae1051a331cbb57494d91e5784d92cc714c41feb82a4afb 206 191 0 40000000 4062952 0x87EA027bda730e38e3535567EEEF9474778767B9 103.36979 108.23340
0x4bf05a0d32ed132cbb11a422abfd8eda609ee3c380d6881de0fc84cf59038b75 207 15 0 40000000 319080 0x8264dC2DF8CCbE039cFC706D08c87d98e2BdaEeD 2.91772 4.55368
0x3c421e868bb51da859803a0bcd96aa71e7afe6e291298cb1448359c7f4a8c63a 208 13 0 40000000 276536 0xbd5e6823fB845151b633fDe0031F70Ab7CB19E48 2.79852 4.25578
0x42c3f2f7fada7125efa6bf080548356b064aabcdee953311b2b5edd70237f431 209 1274 0 40000000 27100528 0x737F1513Ae8881a0EC9513bcDEb614D74e835A78 182.25486 209.79758
0x6326f2f8a12961536b6da13918569b253305b72c380d875dcefa0174684d7138 210 34 0 40000000 723248 0x55613471e11325aa70426a7388A2497f3cA4D769 14.42209 16.17443
0x102a716b47f0cebb7df2986b3bc15d5992e7140ae64f7e96d51f4fb8d78344f8 211 363 0 40000000 7721736 0xa08c70f7328139FF6da6F2a1A70d3E8a14879491 66.39335 72.96023
0xc87e09aa5b08dbdd8eb0e9b92feff301a6f37844cbf3dbfb671ac579311a24a5 212 156 0 40000000 3318432 0x87EA027bda730e38e3535567EEEF9474778767B9 74.99337 79.54757
0x126e010376d5424d23d8b5d23d17d2bc370ff116b35e832564ef850326d9075c 213 45 0 40000000 957240 0x8264dC2DF8CCbE039cFC706D08c87d98e2BdaEeD 16.71458 18.58199
0x2c7a0615b5c6c3790ba3843e3aed1911011c2d2a151975f921e0044c9528aad4 214 103 0 40000000 2191016 0xbd5e6823fB845151b633fDe0031F70Ab7CB19E48 40.81722 44.07923
0xa867004fc06daf3354752ffd1a079376c6660950c6cedc9d64bb87e7cd8d6e6a 215 869 0 40000000 18485368 0x737F1513Ae8881a0EC9513bcDEb614D74e835A78 111.03953 124.38224
0xa986fb4435109888b88a2bc482e9200132c14ee0310a148b0baabed0753cdb45 216 893 0 40000000 18995896 0xa73e4cDEC8CeE1E8102523c9f4219eFca1301868 127.42287 145.92724
0x5f0b276c1541d01ce404b796102ca605612be136f2f93dc3e04cae3ea866b9c0 217 1497 0 40000000 31844184 0xB479706256fF5bD48EBDFEfAC76559F34F2E5703 402.64523 425.49162
0x4b851f746488b1a4d792b683afdfafd80bd5dce669fba10c82f06d5ef9c8f455 218 802 0 40000000 17060144 0x737F1513Ae8881a0EC9513bcDEb614D74e835A78 99.56322 112.30838
0x865325fac3ff1c758969b586cc355ad3f39453e2971d8c186a132f37c3eb513a 219 150 0 40000000 3190800 0xB479706256fF5bD48EBDFEfAC76559F34F2E5703 42.57501 45.96330
0x7dfa3bcd9e5372b63b54980a19392018d40a1c5f909466222f816760c0cb51be 220 82 0 40000000 1744304 0x737F1513Ae8881a0EC9513bcDEb614D74e835A78 26.34421 29.20433
0x30918ced55cf7219ff16b4f3543db41da80f15f3d28ee9021cc360bbfad093c1 221 325 0 40000000 6913400 0x87EA027bda730e38e3535567EEEF9474778767B9 44.96285 50.80862
0x41ca1c0e9cb43a43f0366bc9364dd0140fb5f8f2fa36dcc2ce1486c52d4e40b2 222 74 0 40000000 1574128 0x8264dC2DF8CCbE039cFC706D08c87d98e2BdaEeD 18.79703 20.94540
0x9b373fe709ce266576e42dc249b9904f6eecab2f4116b102684363aebc7bef22 223 9 0 40000000 191448 0x737F1513Ae8881a0EC9513bcDEb614D74e835A78 1.86566 3.10628
0x7e37c787b390daa3e55b96e21824d4b70173ef0e9addd6fc6309470200b0e9c8 224 19 0 40000000 404168 0x737F1513Ae8881a0EC9513bcDEb614D74e835A78 4.33820 5.77450
0xe5d49f15f597727a324ee89f10cd1e6e13a1f57b45f82a759adc98fa33b5befb 225 61 0 40000000 1297592 0x8264dC2DF8CCbE039cFC706D08c87d98e2BdaEeD 21.83902 23.86792
0x96bcce6f9ec54da4def8cdba9d3163e27948940cf948e1e271a227be70f758e8 226 168 0 40000000 3573696 0x87EA027bda730e38e3535567EEEF9474778767B9 49.05382 52.56506
0xd5c11fae4a3fc21c1cd6f5983ad9e4128c54f60461171ec92ba058e86efe25f9 227 324 0 40000000 6892128 0xa08c70f7328139FF6da6F2a1A70d3E8a14879491 103.51433 109.31123
0xd36568230cf49f7dd02842d5a13bdae2825126d46e3f509da33cb0ec3c379d37 228 25 0 40000000 531800 0x737F1513Ae8881a0EC9513bcDEb614D74e835A78 6.57256 8.24238
0xa6f27eb22b0842c95003adadbd421ae3640618b720605cdf9631da058cf3d594 229 83 0 40000000 1765576 0x737F1513Ae8881a0EC9513bcDEb614D74e835A78 21.44179 24.70765
0x8400aab7510b250f28e8e8ed3b4db97a00bf9a2e64e8335d695b3abdcf848ca2 230 419 0 40000000 8912968 0xa08c70f7328139FF6da6F2a1A70d3E8a14879491 169.97547 177.29707
0x0e8f765cc9c4f9f6bb9a8d4b54035682d7b541306bb5ebf074431ce4e350d681 231 20 0 40000000 425440 0x87EA027bda730e38e3535567EEEF9474778767B9 3.95931 5.35912
0xefa2985e4842dba2b064b67857ed7625c252b54ea614e38497ae197d1a0f75b8 232 97 0 40000000 2063384 0x87EA027bda730e38e3535567EEEF9474778767B9 38.86579 42.04001
0x902c7bb56fd7e3ff797f0197199c2c66c0cb6f4685889fa273613239172c7814 232 1869 0 40000000 39757368 0x20F9130D298d062078DcAd6C8DfE8edb8Ab169Cb 273.03185 293.06709
0x15b6d409f6f0546f786ef92b48fb44bc9e94c686163c89809189857f38474a30 233 1869 0 40000000 39757368 0x737F1513Ae8881a0EC9513bcDEb614D74e835A78 259.53945 297.82593
0x1149a9c1ad20e879d2a71c47af7fb5a748f72d0dcd7f998ed83532bb59bafad3 234 891 0 40000000 18953352 0x737F1513Ae8881a0EC9513bcDEb614D74e835A78 142.52136 156.81396
0x8d33c6a44b20e2be2f24ae023d97b5cd1c84bf59e2d29256f076842e14a4aab9 235 331 0 40000000 7041032 0x87EA027bda730e38e3535567EEEF9474778767B9 110.27837 117.37394
0x77b5ffdcbb3a4f82f7ccb1a2a77d642cc07f8abc7867bc51c0316cd16136faa8 236 47 0 40000000 999784 0xa73e4cDEC8CeE1E8102523c9f4219eFca1301868 16.65156 18.46925
0x026e605d3588722d9d18dcc0f74e77d90b4f3e588943d19a0aa5a4d99c030786 237 1869 0 40000000 39757368 0x44306131f3054487f32CD742583Db0Ed7a2b2Eb3 368.09465 396.92639
0x3b22e98a92bd2acff4883470725cedf5c4e8a667e8d9d542d57e0beb46f449b3 238 396 0 40000000 8423712 0x5c6c5E80cb650CB66B48ab594ac8C2af2F2FFADf 85.43903 92.27096
0xd96293c79ef33f17b64e92d58244c51f550d0b3f7fa215d1bd651c4ef1626720 239 1322 0 40000000 28121584 0x20F9130D298d062078DcAd6C8DfE8edb8Ab169Cb 159.23652 179.44483
0x700bc73362155f5dc86146bc3d252de9482cbe21e56c766892ad8676ba0992b3 240 1287 0 40000000 27377064 0x737F1513Ae8881a0EC9513bcDEb614D74e835A78 501.02950 521.15798
0x27c5f6c47268a25d65343a0ffa6cc6bfb9641ba419b032eb2fa5ad67982e681f 240 1869 0 40000000 39757368 0x00f2bC6590Ad92681E1AFBE653c81896ed234e31 441.87362 463.85433
0x09d076bb3ac8b9aeef1d3720f332cf1d43a4ca61859b6256164aa9f0581f504e 241 545 0 40000000 11593240 0x737F1513Ae8881a0EC9513bcDEb614D74e835A78 134.22812 143.33072
0x44ef6dd2744d4431c05fa8febe5036d91b1250fa2be4e7b0e522e709ea26b37d 242 1086 0 40000000 23101392 0x737F1513Ae8881a0EC9513bcDEb614D74e835A78 232.46875 249.51995
0x7b9178de8a3c024093b5bb2b271a23986d40d499f8c5ac1aa0ac131113ea440b 243 94 0 40000000 1999568 0x87EA027bda730e38e3535567EEEF9474778767B9 54.44185 57.67815
0x02d81a83c57fded96356ffb8051f678d0d8e9175a5ab0e6e809f75a1547f6b4d 244 133 0 40000000 2829176 0x737F1513Ae8881a0EC9513bcDEb614D74e835A78 26.52599 30.12511
0x3ed95819de7183dd6fc7f9e951d6762faf373863eb303e720ba94e26e9984745 245 3 0 40000000 63816 0x87EA027bda730e38e3535567EEEF9474778767B9 0.70996 1.46342
0xd280cdccae58f0ad89a447e564a746102b936ebfc96c82f54bac98f15f9ba5ef 246 184 0 40000000 3914048 0x737F1513Ae8881a0EC9513bcDEb614D74e835A78 57.48916 61.25413
0x3f3c36b094efe75f8b4d7a76626fb5a35fa4061fdda61301cc07cc6f1792e80e 247 86 0 40000000 1829392 0x87EA027bda730e38e3535567EEEF9474778767B9 30.04651 32.61745
0x62cbf532138f41706f188c6ec9e2b56a14ed8e31fdedbe3468ac07fc213a263b 248 226 0 40000000 4807472 0xbd5e6823fB845151b633fDe0031F70Ab7CB19E48 28.55174 32.86655
0x4e18d7c32b2da02ccdbcee41659376ca96cb7106dc01f02f8f5d1c00773149ae 249 1778 0 40000000 37821616 0x20F9130D298d062078DcAd6C8DfE8edb8Ab169Cb 512.28903 538.62753
0x498eca3a52e48cc455e433857ddfc7c30400b006e70e3c0da2fd24f342cd36d6 250 764 0 40000000 16251808 0x737F1513Ae8881a0EC9513bcDEb614D74e835A78 96.29072 108.53842
0xff247ce38c179c194246206ab4faaa407fd21e7a4a09235aa67ca3e60ca8ee66 251 1869 0 40000000 39757368 0x05c591e3439fEdD5FA4FAD223Fc4e59D86aa7DC7 437.65853 476.03524
0x3b3bc02730ab1f394eba1fb0620aae6bc1b9ce4dc21524385dff238549243fe8 252 1223 0 40000000 26015656 0x737F1513Ae8881a0EC9513bcDEb614D74e835A78 172.61627 191.08460
0x8f11a039df30269d4fec00861ee005c12bbffbae094d722074e306ad1ab75114 253 46 0 40000000 978512 0x737F1513Ae8881a0EC9513bcDEb614D74e835A78 6.51357 8.13199
0xdb96ce6457d6f64ca661d07a931a904bc8a92959fa9e974b09b28b969a2f2332 254 247 0 40000000 5254184 0x737F1513Ae8881a0EC9513bcDEb614D74e835A78 30.48645 35.11376
0x2a23786a62cd735109ef37eddd3c8f5176afbcb8a747417cd3022faffeba7497 255 476 0 40000000 10125472 0x87EA027bda730e38e3535567EEEF9474778767B9 54.52015 62.52202
0x96d99172d6c538383b1d94e6a84d4396bfa2cdae0a80cfef1bdf1b5590f8a320 256 381 0 40000000 8104632 0x737F1513Ae8881a0EC9513bcDEb614D74e835A78 47.09546 53.61358
0xc44a5ae95a8adbfd7ddc3d2a253b63979a0f07431c82c1ff5c0b7cbc879610e2 257 187 0 40000000 3977864 0x20F9130D298d062078DcAd6C8DfE8edb8Ab169Cb 64.05279 67.60544
0xc2deff31089b54b18704b9761b7e71f26feaf76e4210e6557cf02e943aed9c57 258 119 0 40000000 2531368 0x20F9130D298d062078DcAd6C8DfE8edb8Ab169Cb 30.37314 33.62109
0x8cefb72e958c4b1ec7d9e1a579cef96612c7ebededae056c8f1c54f8f33d6f23 259 498 0 40000000 10593456 0x737F1513Ae8881a0EC9513bcDEb614D74e835A78 106.13988 114.14902
0xe0215c41cc73c5dc0d03e921aa825f44f28694c5f02965966f0e29fb186d09b7 260 100 0 40000000 2127200 0x737F1513Ae8881a0EC9513bcDEb614D74e835A78 49.42449 52.55278
0x57077d70e1394e294afe245f1e544049deab59bc94e625311fd397beaa925d73 261 400 0 40000000 8508800 0x87EA027bda730e38e3535567EEEF9474778767B9 98.94808 108.24106
0x8e612d782eee3b144e5da99f685243daf1541a512f943bffde1630aa54ba88c6 262 780 0 40000000 16592160 0x8264dC2DF8CCbE039cFC706D08c87d98e2BdaEeD 83.15846 94.88037
0x4f40ffb1e05d196301edc097c23aa2402f2db287cb64b28e666d3a6bcaabbe7e 263 282 0 40000000 5998704 0x87EA027bda730e38e3535567EEEF9474778767B9 84.46980 90.22186
0x8110d77ac01b31b4903a7060f6fe737de1b95bad20a05f35b2c44bfcf21211d6 264 1869 0 40000000 39757368 0x08f25E63785D374CF0d5CDEfb84693c784A34565 531.34482 561.35316
0x2dabe83a61f544ceeba6bb4a57735134fbb2e83174ceab1ac0e235692e5eca05 265 1181 0 40000000 25122232 0x737F1513Ae8881a0EC9513bcDEb614D74e835A78 236.75424 256.59389
0xec1de29136fca4c2c92d7bf01f1ace85592b76e04bf32610d14dc534bd5ed27e 266 276 0 40000000 5871072 0x737F1513Ae8881a0EC9513bcDEb614D74e835A78 101.45594 107.95947
0x8d28c05f1a1dc8cb78bdec449102495d131a245b9af7cb3365b68b28d46b8980 267 83 0 40000000 1765576 0x737F1513Ae8881a0EC9513bcDEb614D74e835A78 22.63813 24.90055
0x7f0913a9c1ae67ae0df2e8d34bb9541bee811fa21edcd214d889f534d72277bd 268 319 0 40000000 6785768 0x737F1513Ae8881a0EC9513bcDEb614D74e835A78 90.94048 96.59775
0xa4717c3e4460594d870f25639c399e6e1d4f15a0cc7b430e17bba82748bcdf39 269 409 0 40000000 8700248 0x737F1513Ae8881a0EC9513bcDEb614D74e835A78 50.02116 56.76115
0x17deef23f8829e1e0f28b469916d869380624e0f431c9ad74935ceffeb56b876 270 14 0 40000000 297808 0x737F1513Ae8881a0EC9513bcDEb614D74e835A78 2.49675 3.63333
0x7a1d95881c6fc9d66e52e4d0f4d7ed5f37de5fd1a6c91d931c43d2d67ecade44 271 407 0 40000000 8657704 0x737F1513Ae8881a0EC9513bcDEb614D74e835A78 134.02401 145.14329
0xa0535e9ca98a527931db4655bd553df927a691ca3bd673ad9c6f7be10965ff76 272 848 0 40000000 18038656 0x737F1513Ae8881a0EC9513bcDEb614D74e835A78 112.60560 125.93654
0x4d8b7125bcd46391a55fa296016942333fc5a851d30fdf6ff841b416d30b6747 273 1869 0 40000000 39757368 0xa08c70f7328139FF6da6F2a1A70d3E8a14879491 214.84101 242.99840
0x74047099039e13fc9d1c695c638572546f8a1c5f02af3b275246f38e8e1fe458 274 1869 0 40000000 39757368 0x05c591e3439fEdD5FA4FAD223Fc4e59D86aa7DC7 659.03287 688.53461
0x945248ec89235214e56be30c33016e09d296e71f32794ae95e883f70eaac1677 274 220 0 40000000 4679840 0x737F1513Ae8881a0EC9513bcDEb614D74e835A78 27.79460 30.65698
0xe885c943791c657bd3f8d218d42aabba8611f4a476ae005c88107d0579dee03c 275 1869 0 40000000 39757368 0x737F1513Ae8881a0EC9513bcDEb614D74e835A78 547.87264 607.77603
0x24ce893404b08d1ed6a1a712006e4c0a37115d645985af1daf0505c59928a287 276 1869 0 40000000 39757368 0xa73e4cDEC8CeE1E8102523c9f4219eFca1301868 586.59250 614.89021
0x268501fd5e7b115c2b1258e04c3a43a2925425e31fb34fda8b66515059cef693 277 547 0 40000000 11635784 0x737F1513Ae8881a0EC9513bcDEb614D74e835A78 67.85959 78.94666
0xf773856cb0f0e855ecdbc38c1f423d226b365cf9e097bc89dbe37e5138a7331a 278 361 0 40000000 7679192 0x737F1513Ae8881a0EC9513bcDEb614D74e835A78 52.17481 59.81665
0x937280e550a49f9444ec4065d6d2ff1a7a1c83cd58042240c4a3e39fdbae58c4 279 1869 0 40000000 39757368 0x55613471e11325aa70426a7388A2497f3cA4D769 231.13195 260.37740
0xf2d1751e5d382dbc8f5d285fff4d932ddb62a4e055254c58afefd28d28aa5eaa 280 353 0 40000000 7509016 0xa73e4cDEC8CeE1E8102523c9f4219eFca1301868 131.79822 138.13203
0x4375e3d80a513acce47e4537a75ddfc9d664985c2e23b1ad9f637498527b751c 281 471 0 40000000 10019112 0x737F1513Ae8881a0EC9513bcDEb614D74e835A78 167.39589 178.68056
0x251fbf2c4c9e8d25fa2fe1234795a5b7588250750ca5c027f9b5854d3a86df09 282 1869 0 40000000 39757368 0xbd5e6823fB845151b633fDe0031F70Ab7CB19E48 511.16433 539.31409
0xcdfb48d4c67e7c3e4cc0a321d42ffbd4d76bfd62c53d83c9644cfd09f5b5df24 283 126 0 40000000 2680272 0x737F1513Ae8881a0EC9513bcDEb614D74e835A78 42.73863 45.59266
0x62e06cf6fad90f981e9313e9aed18d7c49e8bac9779cb4d52439653b16bfc48c 284 1279 0 40000000 27206888 0x8264dC2DF8CCbE039cFC706D08c87d98e2BdaEeD 173.14916 194.64668
0x33a2c405c3b7357ca3f69db0d2acd190ab964c5f769ac689c04023391b668075 284 425 0 40000000 9040600 0xa08c70f7328139FF6da6F2a1A70d3E8a14879491 144.58153 151.00596
0x1964d72ee37ab55440035a18f7862600d8cc9b8b0b34fda48935ae2212efb4ae 285 1432 0 40000000 30461504 0x737F1513Ae8881a0EC9513bcDEb614D74e835A78 306.01670 356.24655
0x0aa8f9122579b1331a433fc28ae180a4a0361e8b874bf0d2f17e9cc8fe470b28 286 98 0 40000000 2084656 0x737F1513Ae8881a0EC9513bcDEb614D74e835A78 45.15816 48.21931
0xcb99d00390c7cd1d656a9d0f6b45957b2968185de2a278d715cdb21fc7644269 287 135 0 40000000 2871720 0x737F1513Ae8881a0EC9513bcDEb614D74e835A78 52.18498 55.75740
0x4719a0700a854985d5a9643a2a948900f5cbe71d2e9e1238d65e9ac238b0b84a 288 112 0 40000000 2382464 0x8264dC2DF8CCbE039cFC706D08c87d98e2BdaEeD 29.74688 33.59374
0xc5e12fab751a9f8c2f12cd7f2754e8a3ac4347247c74037deb74120efdcb0eaf 289 35 0 40000000 744520 0x8264dC2DF8CCbE039cFC706D08c87d98e2BdaEeD 16.85348 18.13466
0x0c5077b31e12be4f710f2631a14c461c73860d629eb42c7c910b728bddc2232f 289 1265 0 40000000 26909080 0x87EA027bda730e38e3535567EEEF9474778767B9 236.66508 253.87717
0xe5a7ccfbb7e4bc1c5062df3172ecc9731bb79adf9cc5054bc49172d77d6b7eb8 290 173 0 40000000 3680056 0xa08c70f7328139FF6da6F2a1A70d3E8a14879491 19.28755 52.47392
0x745369339a97eef2c18ea02194ef3fc9623c6b3b33932acb0f626607072d3098 291 536 0 40000000 11401792 0xbd5e6823fB845151b633fDe0031F70Ab7CB19E48 60.99432 69.86821
0x4ed0d61058a4b3717a5ff32263c5837bbf6d7c6e16bc8997c339c9468e22c28d 292 884 0 40000000 18804448 0x737F1513Ae8881a0EC9513bcDEb614D74e835A78 181.43178 195.71180
0xe00312652fc3944dc61459056c28b68e99865531f04cf42fc4d98681bcff98b8 293 359 0 40000000 7636648 0xa73e4cDEC8CeE1E8102523c9f4219eFca1301868 49.67781 55.66190
0x47fa8712067d5270e310832d29a0aea017d4bdbdf226827e744680483cae2410 294 1869 0 40000000 39757368 0xB479706256fF5bD48EBDFEfAC76559F34F2E5703 411.24786 439.75054
0x1cb018c34725f9563fe07a030c44992c07a56528c4a8c4828275aa3385a0c24d 295 264 0 40000000 5615808 0x737F1513Ae8881a0EC9513bcDEb614D74e835A78 35.72197 40.75259
0x680d03a2a42870d70a24289d1ad0bc8fc1fa526a5313dd6acae29418593025fc 296 25 0 40000000 531800 0x5c6c5E80cb650CB66B48ab594ac8C2af2F2FFADf 5.31938 6.40983
0x08b1f0d819b31a0fb5cf2583642b58c6baba22b1e18408ee5a8a2279aed90333 297 28 0 40000000 595616 0x2f2Ef10b7Ef485579344797f058462A567838542 7.41703 8.88391
0x3f2b0b85291c4ce5a8116c9935c1e50d2aea86abf7161b9bfa68ad22605d190a 298 11 0 40000000 233992 0x4Dfb9205dC101Db8EaEfd53fC8d2E67EA3857E18 2.18810 3.15953
0x2778240cfffcc3aee7e8bd5ebb9307ce75a51d6a475b2a0274b387d7f0b5a585 299 73 0 40000000 1552856 0x737F1513Ae8881a0EC9513bcDEb614D74e835A78 21.15849 23.01525
0xd4afe066c5274c6f44edf61f40f8b1286cc518fffc04a775d321a3713a6217da 300 275 0 40000000 5849800 0x8264dC2DF8CCbE039cFC706D08c87d98e2BdaEeD 133.45745 139.04014
0xe658a053b62794f902a13bb6858b0ea7d31ea0dcce8f0ba6e642e45110fb868c 300 274 0 40000000 5828528 0x87EA027bda730e38e3535567EEEF9474778767B9 153.60959 167.36495
0xda46fba773cbba12cb51f695f566c1e7807dacfe1b43e2300d51cacdb63a6386 301 160 0 40000000 3403520 0x737F1513Ae8881a0EC9513bcDEb614D74e835A78 51.90693 64.56612
0x74d9388d2a381e36c693c71bd262f48e3de9afd6281db942e54e6868d6557ff9 302 493 0 40000000 10487096 0x737F1513Ae8881a0EC9513bcDEb614D74e835A78 61.58857 69.80502
0x5ed66a1f064c4901c55dd1b389583f66b3a6e1fe9c71a6483eadd7d2cf4af61b 303 98 0 40000000 2084656 0x87EA027bda730e38e3535567EEEF9474778767B9 30.46211 33.07862
0x827a4082c75aebf24ea872abbaa582065e5aa5245ab5823f7e92b237a9219a1b 304 56 0 40000000 1191232 0x87EA027bda730e38e3535567EEEF9474778767B9 22.31963 23.83841
0xb576a7cec63d8a7ba2c6b14fc0668833061889ee2cb132f11b409e5c5a817690 305 356 0 40000000 7572832 0x737F1513Ae8881a0EC9513bcDEb614D74e835A78 159.15276 166.44325
0xdd1be660accaa34adce0197120c26d37dcc92bd656ace1f0e87bda3f42dd6a6d 306 235 0 40000000 4998920 0x737F1513Ae8881a0EC9513bcDEb614D74e835A78 34.63132 48.37377
0x6ef5ede0e7ea3bcb36609ac7b364169af491632c85376f8e07d3a41cd18a1e24 307 56 0 40000000 1191232 0x737F1513Ae8881a0EC9513bcDEb614D74e835A78 20.12356 22.09381
0x8998bf193c1494e603e9599a70244db87f6fa503f4163e1d2791a5930fccb558 308 366 0 40000000 7785552 0xbd5e6823fB845151b633fDe0031F70Ab7CB19E48 43.66843 49.93223
0x53f00af07c38e775c51d743ea17c4bb6666a4b2ec5d382d7f83a060c686c2e31 309 164 0 40000000 3488608 0x737F1513Ae8881a0EC9513bcDEb614D74e835A78 54.25541 57.61420
0x19d22e1ef0f407af490244bea7e6401ababceaf0cde3ff265c0cbaa7b0889118 310 161 0 40000000 3424792 0x87EA027bda730e38e3535567EEEF9474778767B9 48.29490 51.39101
0xb9d0c1f8bc62e067c85e996a5bfd87115a209f0630d5dd761746ce458840545e 311 131 0 40000000 2786632 0x737F1513Ae8881a0EC9513bcDEb614D74e835A78 46.15626 49.67987
0x0203f3f2d842ee2ea0afd6b51cdc122a5e1654474c0a4f0960da5918a10cdec7 312 26 0 40000000 553072 0x737F1513Ae8881a0EC9513bcDEb614D74e835A78 8.04123 9.36938
0x532f9c630dad3b5018541a23f01002da462bfecd52c109ced15def3bc6cd6288 313 79 0 40000000 1680488 0x87EA027bda730e38e3535567EEEF9474778767B9 19.94363 22.13109
0xd2da9820548dc90d9fcf9e986c8acf2e1643d6da5993c20ef4149bd7da28fdda 314 1869 0 40000000 39757368 0x20F9130D298d062078DcAd6C8DfE8edb8Ab169Cb 225.28338 254.30464
0x157ea2a8ce4707cf0dd51c6b5e664067293ffa868d0249ab52f26f1957acd7b0 315 214 0 40000000 4552208 0xbd5e6823fB845151b633fDe0031F70Ab7CB19E48 24.84033 28.84338
0xac66c7ffbfe8905bf57f3fb18383225edb7f0ca6d07df0fe41c36727ec5c7f14 316 924 0 40000000 19655328 0xa08c70f7328139FF6da6F2a1A70d3E8a14879491 192.75312 212.77599
0xf263e050f3574229d8fd016f2b88203fe4ee2bae57d5eca66e15c61d9d56ca03 317 1851 0 40000000 39374472 0x737F1513Ae8881a0EC9513bcDEb614D74e835A78 299.48440 339.09324
0x7a1029fefab11d3fa148906816cc33adec2f33059f29eabcb3a41fe826825ea9 318 695 0 40000000 14784040 0x737F1513Ae8881a0EC9513bcDEb614D74e835A78 159.14538 170.81835
0x5cfc8c43d3ea41ee1520da54655f863c0b7911e4c29713e0f5bf9cbf733ae26d 319 42 0 40000000 893424 0x737F1513Ae8881a0EC9513bcDEb614D74e835A78 6.44880 7.86954
0x980b54d89ab05bd8102d35f7976e21e8db416d935e6dc4494801140c77249a8e 320 127 0 40000000 2701544 0x737F1513Ae8881a0EC9513bcDEb614D74e835A78 24.25559 27.88437
0xdc7a5fe3359ecd34fbfed7282b7da80342772018edcdd49f4fa907727d22166d 321 49 0 40000000 1042328 0x737F1513Ae8881a0EC9513bcDEb614D74e835A78 7.36802 8.83772
0x3bc658ab2df7cb38d41c179f5b9bd59c12a58165f81ec5e2b7c3ef2e0b69d146 322 10 0 40000000 212720 0x737F1513Ae8881a0EC9513bcDEb614D74e835A78 5.16487 6.05165
0x276a84daa4413ca52666e9099aa5e1fbe3f0eacf92eb3362457c5b9dc79df6f9 323 670 0 40000000 14252240 0x87EA027bda730e38e3535567EEEF9474778767B9 347.60719 358.66848
0xe3eb16fa7a7645dac157e8a0e80106b929a631199be58faa21bc461cb3381426 324 1173 0 40000000 24952056 0xa73e4cDEC8CeE1E8102523c9f4219eFca1301868 153.50322 171.64913
0x6dbabe275b68064b86a5764b61f182049584016e636d7b25c4a117501f633bd3 325 1869 0 40000000 39757368 0xB479706256fF5bD48EBDFEfAC76559F34F2E5703 265.04105 294.10216
0x024b754dd1b09eb813b72d558aaf87bbc78b214f41b15de03e41cf7fb62f3a90 326 77 0 40000000 1637944 0x87EA027bda730e38e3535567EEEF9474778767B9 36.36264 38.47818
0x96f4bdc22be5862a48c9738aa182bb2ba65608cd3059f536b0b127423f73279d 327 1144 0 40000000 24335168 0x8264dC2DF8CCbE039cFC706D08c87d98e2BdaEeD 207.30669 233.00754
0xf823fda913b6a8bd7a9aa2d7c76b54de36e2966ca84e55a07801abc928e9664c 328 530 0 40000000 11274160 0x737F1513Ae8881a0EC9513bcDEb614D74e835A78 211.99058 221.40856
0xa8376390c1fd50da14f2683ee017fd71ec896472e4c1167aa93c1e0a4a85b045 329 256 0 40000000 5445632 0x737F1513Ae8881a0EC9513bcDEb614D74e835A78 49.33515 55.11273
0x5815e7c2fdcc666474fb6b0186b128d60b3708b2dcb170ad44c534fbdd2761f1 330 991 0 40000000 21080552 0x20F9130D298d062078DcAd6C8DfE8edb8Ab169Cb 124.95709 140.62132
0xa30ed27a34e1f78d22ae60f19422b600b107e26e1c345c0e81a8674ed31b781b 331 137 0 40000000 2914264 0x87EA027bda730e38e3535567EEEF9474778767B9 51.67238 55.64176
0xb2d049cb7b0b290e5b9a34cbb23629690ce8298847e3ac545db454eb7e1e3bad 332 288 0 40000000 6126336 0x737F1513Ae8881a0EC9513bcDEb614D74e835A78 35.41672 40.49943
0x0f380e00a9e959a8827d0f5a9effaa7d6b775c0f6ed993db2681ccff02f6ad80 333 261 0 40000000 5551992 0xB479706256fF5bD48EBDFEfAC76559F34F2E5703 30.97943 35.88839
0xa99b50b42c915015daa936b1b9fca61de8305bf2ba0ba77397ff71f3fe115625 334 72 0 40000000 1531584 0x87EA027bda730e38e3535567EEEF9474778767B9 14.42478 16.68031
0xb65a848676c2bc1024a07da812e55dbd736a0b350bb3c6e935b1f91dcd702614 335 285 0 40000000 6062520 0x5c6c5E80cb650CB66B48ab594ac8C2af2F2FFADf 34.72415 42.68478
0x5a5a50af852472877115253fafd0629059d52cc58e169ab822b54f96bcd859fb 336 64 0 40000000 1361408 0x737F1513Ae8881a0EC9513bcDEb614D74e835A78 12.49378 14.24554
0xab196f8fceedd94e2ccb11f4ba865c0898f1211fda6989721383ddaec884df5f 337 107 0 40000000 2276104 0x87EA027bda730e38e3535567EEEF9474778767B9 38.62284 41.43785
0x0a4bd55d77a2d2d24ad0c83ae524e886da8d03bef95dbe6efd711c1eceee683c 338 1869 0 40000000 39757368 0x55613471e11325aa70426a7388A2497f3cA4D769 246.08220 274.34769
0x51ec3a61fbd6a664772f4e03383c3a1c5021ea40c52ff99b095c9628cc705ebc 339 1044 0 40000000 22207968 0xbd5e6823fB845151b633fDe0031F70Ab7CB19E48 240.71154 263.25644
0x89a334b9d672ae7861d41549c0c3d5c83536c92a93f616d9557249f11e127e11 340 590 0 40000000 12550480 0x737F1513Ae8881a0EC9513bcDEb614D74e835A78 342.62834 357.23713
0xed5676932b2692ff8ffaf0d2315b1182ac44a3b66b66211f47ebac9e4a228121 341 472 0 40000000 10040384 0xa73e4cDEC8CeE1E8102523c9f4219eFca1301868 53.53920 61.31414
0xa1ee90864a61eb8f7537016ed493803f9424b034915349ce931d5e639075993e 342 113 0 40000000 2403736 0x737F1513Ae8881a0EC9513bcDEb614D74e835A78 46.73120 49.93091
0x27b61391140a17c064f70c47efe4615f472ca13f713e25e8a277110adf32bf69 343 163 0 40000000 3467336 0x737F1513Ae8881a0EC9513bcDEb614D74e835A78 62.77965 66.88322
0x39786af2bd2d89bfa04f7f223018f67e1469ad060269f3ac9a49b97800a55179 344 535 0 40000000 11380520 0x8264dC2DF8CCbE039cFC706D08c87d98e2BdaEeD 83.33892 92.50650
0x37f39e9cf5b01f94160e2d63bd2ce0c340c336a6738e00c68bc40bcbd2843c07 345 383 0 40000000 8147176 0x737F1513Ae8881a0EC9513bcDEb614D74e835A78 49.14623 55.79404
0x24209fae0b88aa4b178287da2675cfff24ecfa63e79a55fd4f53209f00e70350 346 286 0 40000000 6083792 0x87EA027bda730e38e3535567EEEF9474778767B9 127.02089 132.15843
0x63128c188857dd53509ea24af1a3f9fa8fcd9774173badb873a6166c1526e2b6 347 10 0 40000000 212720 0x87EA027bda730e38e3535567EEEF9474778767B9 3.80517 4.64774
0x62677359678402deca8750f192c14c463dc1de1e5ef7e4229d1063d2d110d7cb 348 87 0 40000000 1850664 0x8264dC2DF8CCbE039cFC706D08c87d98e2BdaEeD 29.84909 32.13027
0xbd6971ccb9965b1a0b3de00a9e57fd8798ea3cb74c3db46a2345edb1f933224f 349 363 0 40000000 7721736 0x737F1513Ae8881a0EC9513bcDEb614D74e835A78 142.71106 152.28135
0xcaecfa77e462e4c0eb9b64288df4421b83cb773ccf9409473285b3cc253d4028 350 45 0 40000000 957240 0x737F1513Ae8881a0EC9513bcDEb614D74e835A78 15.46411 17.22392
0x790eff107daa8605e1e5b923b6ddfce6d577ade1e7ed6ccf7c10a8b86ce1f8f1 351 755 0 40000000 16060360 0x55613471e11325aa70426a7388A2497f3cA4D769 147.73564 163.09019
0x9a04fd872672f444275e14867b0cb083fdc2f4788c86b0d15c62f9ba3c741be9 352 83 0 40000000 1765576 0x87EA027bda730e38e3535567EEEF9474778767B9 15.03409 17.42835
0x2742ac6704999a6f81aa0665bd9fb36622d96bb9f26aab3e03f777f7cb123390 353 168 0 40000000 3573696 0x737F1513Ae8881a0EC9513bcDEb614D74e835A78 47.69452 52.01101
0x1517ff8dcdc94956974ad11cb79fde4ffcc4a525a0716246a02439dcca4efa2c 354 74 0 40000000 1574128 0x8264dC2DF8CCbE039cFC706D08c87d98e2BdaEeD 15.99573 18.16708
0x0d74097fa2ceadfe0d2d1690156a0a4609b16e97b75b28b308113b20d61ca4f0 355 370 0 40000000 7870640 0x737F1513Ae8881a0EC9513bcDEb614D74e835A78 45.44691 51.96500
0x83decf3ec8df727182c82aea5ab5861c5fcd12cee4f727af4982a857d2cc4f28 356 509 0 40000000 10827448 0xbd5e6823fB845151b633fDe0031F70Ab7CB19E48 58.85304 69.03965
0xaaa27d02a4b28ece629b7eca78bdd4f2a48d155ed9560035e81967e5953b95e6 357 524 0 40000000 11146528 0x737F1513Ae8881a0EC9513bcDEb614D74e835A78 65.24127 74.56571
0x3d1bffbb59e06ece53ae800cf8eda4ce4f14eea491806642fb77e6ec92c6f1e9 358 1625 0 40000000 34567000 0xa08c70f7328139FF6da6F2a1A70d3E8a14879491 204.53907 240.36847
0x89df2437cafcae076e09663127369476aacebe08486cc036d4a2d973e6e83b74 359 578 0 40000000 12295216 0x55613471e11325aa70426a7388A2497f3cA4D769 167.77659 182.86109
0x4611a3cce8017159e768243395c2a0f149461150bc91b60344763f00348eafcd 360 1446 0 40000000 30759312 0x737F1513Ae8881a0EC9513bcDEb614D74e835A78 180.68898 203.04575
0x19281d814960843b09915a17c8fb8eaebc709af4ff10344a623d83d40d8e607d 361 94 0 40000000 1999568 0xa08c70f7328139FF6da6F2a1A70d3E8a14879491 10.67458 12.65131
0x1f6f3c5e55c241ab21774fc5d35041a5488f1bca47eb5ef2a228f03ee74dcca9 362 1177 0 40000000 25037144 0xB479706256fF5bD48EBDFEfAC76559F34F2E5703 171.72407 190.22742
0xc65d6a8d7a254e4f265ce7dcd6cfbb78262f43127a0d28807b127017e9f28549 363 45 0 40000000 957240 0xa08c70f7328139FF6da6F2a1A70d3E8a14879491 18.16588 19.67919
0xeb123db69756485ad9eb863063ceaca1c452fd69c94e233314d1a628c7a01605 364 614 0 40000000 13061008 0x5c6c5E80cb650CB66B48ab594ac8C2af2F2FFADf 106.46981 117.09584
0xbd1895eeb68032d6e6b3dc368e5c7bb42f917b3fa0a1cac679e89a1bd5d11a03 365 1869 0 40000000 39757368 0x08f25E63785D374CF0d5CDEfb84693c784A34565 384.65862 413.48181
0xfdd275917212f2e8e7b177b52c580ecfb5d1d94d6001767fbe5044e666e3b03c 366 430 0 40000000 9146960 0x737F1513Ae8881a0EC9513bcDEb614D74e835A78 117.50374 128.02340
0x9741aec048968b73fca70372eaf42d10bdcf084dd0b3fa12f881b58b1cf2c331 367 128 0 40000000 2722816 0x2f2Ef10b7Ef485579344797f058462A567838542 44.48331 47.82779
0x53a6582648bc997e30369cceee19729e6e2d6806b914daae67a4c46757a1b00e 368 10 0 40000000 212720 0x4Dfb9205dC101Db8EaEfd53fC8d2E67EA3857E18 5.83208 6.71770
0x2a970f33e4f81cc94649ef684e630fa8e847650586fc0846ea65ba199e1417cc 369 30 0 40000000 638160 0x737F1513Ae8881a0EC9513bcDEb614D74e835A78 5.59508 7.16641
0xb9c6c1c3a816756497237702948d2e9477b3319efe88523ac88fcc43bfdb3339 370 95 0 40000000 2020840 0x737F1513Ae8881a0EC9513bcDEb614D74e835A78 48.18880 51.09194
0xdf288cd61b46404fdfb46131a4d2de5771285f892e9108995a05a616883ef2df 371 253 0 40000000 5381816 0xa08c70f7328139FF6da6F2a1A70d3E8a14879491 77.63597 82.15909
0x1a73863b647441dfb5bc3b62faafc3ab9498e035465fe34aff7d1f113935af94 372 1527 0 40000000 32482344 0x20F9130D298d062078DcAd6C8DfE8edb8Ab169Cb 233.82458 257.69701
0x67037db3afa67e12a138eb9b0109bc45f803d871329d2b77fe8b4b190947751c 373 923 0 40000000 19634056 0x87EA027bda730e38e3535567EEEF9474778767B9 134.95294 149.15073
0x414bf6338e2350785f5261fa517475bd1f3a1725714c7651b74f4906d0f0cfa5 374 76 0 40000000 1616672 0x737F1513Ae8881a0EC9513bcDEb614D74e835A78 26.99211 28.95189
0xbf4e6c08f1fa20c7c30e4f6fb4071a65793d894e4ce25829e1cb55d37be55488 375 19 0 40000000 404168 0x87EA027bda730e38e3535567EEEF9474778767B9 3.02712 4.02820
0x0c48c8d6266365cfd959ec1c23a01ab794f5b7b44ec80d33dfc538fcfd520cb3 376 139 0 40000000 2956808 0x737F1513Ae8881a0EC9513bcDEb614D74e835A78 45.40397 48.34826
0xc0a0e5711044406a53a1b48101dfed68a2e16e18e73aea96c8a1d7efc804f388 377 1254 0 40000000 26675088 0xa73e4cDEC8CeE1E8102523c9f4219eFca1301868 138.75191 158.50870
0xbdbedec38e21d7aad5b8bbb73f0e2295336d0a9568b709f516a5242045e58e1b 378 103 0 40000000 2191016 0xa08c70f7328139FF6da6F2a1A70d3E8a14879491 44.52115 47.19030
0xdd82061c633f73a65cb0e13bf6de44e1fc146112959c7759eacf559dade425b9 379 599 0 40000000 12741928 0x5c6c5E80cb650CB66B48ab594ac8C2af2F2FFADf 75.67933 85.73251
0xe6f757e783513cbcd23e072965af5f22f3e1df6a9a1c0bcd8e776fc045aa056c 380 465 0 40000000 9891480 0x737F1513Ae8881a0EC9513bcDEb614D74e835A78 61.71229 69.48601
0x02eb78a910aa30b82d6524c47d9b7036315ce2bf390a80aa79ce03c708ee7100 381 209 0 40000000 4445848 0xa08c70f7328139FF6da6F2a1A70d3E8a14879491 181.14897 186.60607
0x1e18f865faec67480fd3fb3d3eba4f3f70c338e987408f9a24a340ae1bc0e9f0 382 128 0 40000000 2722816 0x4Dfb9205dC101Db8EaEfd53fC8d2E67EA3857E18 52.39428 55.87213
0xa17e367ebbdb7b9ffc3d1163adbba83bbdf14e5f5811ce09b7ff0b094ce96be7 383 12 0 40000000 255264 0x2f2Ef10b7Ef485579344797f058462A567838542 2.20924 3.23090
0xa54343373238648a3fcb130584ad38d017057c3c9b220c29991e93f3b7dc45a4 384 330 0 40000000 7019760 0x87EA027bda730e38e3535567EEEF9474778767B9 314.31118 322.14314
0x2b6571f4522b948cefcc482134e42fb0ad941842771b564a1d529557da8261a3 385 1293 0 40000000 27504696 0x8264dC2DF8CCbE039cFC706D08c87d98e2BdaEeD 258.32779 278.48026
0xb06d11770f9dd43e3f495ed01d9573a4b64ed88cd5878bda564fd292b1c67375 386 1869 0 40000000 39757368 0x76D1aF7aC51134707802b71CBdCa8b58Af406A89 449.24407 478.04284
0x48bb351694a0ce66988bf3f7347b910965f5f8375e06c746fc58fd55f66ceeff 387 312 0 40000000 6636864 0x737F1513Ae8881a0EC9513bcDEb614D74e835A78 38.71590 44.33435
0x05876558d827dbd970cf8f68809a84abb4718aa231e5024f684060e23279f55a 388 76 0 40000000 1616672 0x87EA027bda730e38e3535567EEEF9474778767B9 26.47314 28.20443
0x1c3223ca49550dd3d2a3c5127afd310dec0c5c2813b82b79c11c1f753a46626d 389 82 0 40000000 1744304 0x8264dC2DF8CCbE039cFC706D08c87d98e2BdaEeD 30.23896 32.13933
0xcbfe561fc1c9e5004311dc58acef3d002be378386dbd44b6c4fd928f02b1a80e 390 41 0 40000000 872152 0x87EA027bda730e38e3535567EEEF9474778767B9 4.80906 6.05130
0xa313e2019b9af72ac8587416e147da6d6b8641d016abde88ce5ad694fa9249a4 391 428 0 40000000 9104416 0xa73e4cDEC8CeE1E8102523c9f4219eFca1301868 48.13664 55.24119
0x18fab71c04ccc6523295a51a90c394e84d36cdb767cf16d402741e5f41a7ce44 392 1240 0 40000000 26377280 0xbd5e6823fB845151b633fDe0031F70Ab7CB19E48 138.49442 157.97812
0x72f74f49fab705e0a06006876dce6d8526628d801eeb984485d72d63a789ba59 392 35 0 40000000 744520 0x8264dC2DF8CCbE039cFC706D08c87d98e2BdaEeD 5.07625 5.87477
0xa4a2800ad86b8a3b325e08d9a10cb0c2b223c1604e1e4a6534e22a8f32169f08 393 1869 0 40000000 39757368 0x76D1aF7aC51134707802b71CBdCa8b58Af406A89 508.01058 555.91175
0x6dfeee8689ef017e77507d25582ea2c61ee8be07cd14794233474bc32454f9fd 394 1328 0 40000000 28249216 0xbd5e6823fB845151b633fDe0031F70Ab7CB19E48 167.12581 189.64138
0xeab539e28d5a455cc91a5db16aaf2ba5dd715754fd3170f4f8b6d4c42651a1fa 395 52 0 40000000 1106144 0xbd5e6823fB845151b633fDe0031F70Ab7CB19E48 17.16225 18.54717
0x623291cc77a12dbfd5b924d2038300ca9a5598ac45a10162403ca300a0059305 396 186 0 40000000 3956592 0xa73e4cDEC8CeE1E8102523c9f4219eFca1301868 61.28890 64.74377
0x446c6b52e932fed514f6d7724f55c607f6bc13d2960ba74ae99aebaa9097c79b 397 985 0 40000000 20952920 0x737F1513Ae8881a0EC9513bcDEb614D74e835A78 168.91004 186.78822
0xc4925c0b8bb23f8e984f41267168dee713f32cf89b519ede1d8cf5bdf759c5b3 398 153 0 40000000 3254616 0x737F1513Ae8881a0EC9513bcDEb614D74e835A78 19.17797 22.36742
0x5f7a6551db020b46db01cf6043b6767407e7c8783258c5dfc1276ed799e7b9a8 399 262 0 40000000 5573264 0x87EA027bda730e38e3535567EEEF9474778767B9 85.27769 90.11490
0xd20d968843cfe69e74d3dd22f8b8a16decdf0a9321e79d6ab6a88186d7b84d4b 400 33 0 40000000 701976 0x87EA027bda730e38e3535567EEEF9474778767B9 13.29462 14.59326
0x9307a7cd385abba51ed2a73e435c8fb3fa867131ca2776462143ca92355165e7 401 1151 0 40000000 24484072 0x55613471e11325aa70426a7388A2497f3cA4D769 508.15799 548.19585
0x6853b1672f04cb7ccd90245eab68af729ca1e5ac26cf5b2d77bcd2069ca9c58a 402 299 0 40000000 6360328 0x8264dC2DF8CCbE039cFC706D08c87d98e2BdaEeD 47.14569 54.38395
0x0b909f85d2ee4062f57a862b1cdeded99757134ed9e335d721c3fba64197857e 403 352 0 40000000 7487744 0x737F1513Ae8881a0EC9513bcDEb614D74e835A78 44.85085 51.32519
0x526e8d7a951af9839618f41f90c68ab8f68529d333c502d4b8acc1f239f869b1 404 98 0 40000000 2084656 0x87EA027bda730e38e3535567EEEF9474778767B9 128.57409 131.27991
0x942f1a8f59d49f22d6b9f6d619ad1f2aa5d4f0169ff6e39ea06c69bcb4c0813c 405 264 0 40000000 5615808 0xbd5e6823fB845151b633fDe0031F70Ab7CB19E48 30.36035 35.15596
0x5e0a97825da264e159ca7af6c0befb3e624f75bf37d271de3a52b7bb881a6582 405 104 0 40000000 2212288 0x8264dC2DF8CCbE039cFC706D08c87d98e2BdaEeD 36.58445 38.21042
0x501ce43538d56c3bc25805109a7e8ee15c6c624de42ca5be1c9ad14e75093b97 406 950 0 40000000 20208400 0x737F1513Ae8881a0EC9513bcDEb614D74e835A78 170.42681 193.04970
0xe9d7dc0508e50bbd4ee477a065801aaef0b811f3d5880a75deaa0be1963cba9b 407 74 0 40000000 1574128 0x737F1513Ae8881a0EC9513bcDEb614D74e835A78 11.32050 13.49271
0x809e3651ad44908ca37613cd5e567708c71ea75e87847a511d889d5df29978dc 408 169 0 40000000 3594968 0x87EA027bda730e38e3535567EEEF9474778767B9 80.51928 86.37995
0x9aaecc22631bc6e44ff27967cb78e5c717168db409978688a4622e86795e57e5 409 141 0 40000000 2999352 0xbd5e6823fB845151b633fDe0031F70Ab7CB19E48 43.58465 46.62693
0xa69473302af49667c230809db964eb339a6f7435edf15091cc5cfbeeec9ab117 410 15 0 40000000 319080 0x87EA027bda730e38e3535567EEEF9474778767B9 8.14966 9.44343
0x8d38bf3cf6e0e46467ffbfe03810523ba42c0e7dda7e2e50d153b5a6d27b6dbe 411 158 0 40000000 3360976 0x8264dC2DF8CCbE039cFC706D08c87d98e2BdaEeD 90.57688 94.57452
0x8df46c45bde502b80b61f5b969cc4389e3b233d2c8c70c6070efc3718c5551e2 412 307 0 40000000 6530504 0x737F1513Ae8881a0EC9513bcDEb614D74e835A78 103.25272 109.14856
0x946c0f5acb49fe1f460a6cc921144b339f81b0b203477577094de3dde443448e 413 13 0 40000000 276536 0x8264dC2DF8CCbE039cFC706D08c87d98e2BdaEeD 6.49754 7.36571
0x9b2e757595f2da35d3668f3c9f68b8a0355fb21b44a09103a4b47adf0090918c 414 85 0 40000000 1808120 0x737F1513Ae8881a0EC9513bcDEb614D74e835A78 15.61177 19.34344
0x734d18a8fe04312638c875311ee8c43a9c47b8fe6d5db9b6ab66737f9e7ed58b 415 823 0 40000000 17506856 0xa08c70f7328139FF6da6F2a1A70d3E8a14879491 239.79325 253.30366
0x8e4278005d6973d0eaeab2011b00d36f91c7c7155b6b70f4bd81c32a37bbdaf0 416 1160 0 40000000 24675520 0x20F9130D298d062078DcAd6C8DfE8edb8Ab169Cb 201.38174 227.19194
0x28c597bd643371936da677d21134dba4917df3cc1f9148874eb40203a578582b 417 375 0 40000000 7977000 0x55613471e11325aa70426a7388A2497f3cA4D769 45.24092 51.63250
0x2c5f769a1ccd4551d7cb0b38581fe15baff1d21549ee53e1fc337fe9a27bad81 418 1429 0 40000000 30397688 0xB479706256fF5bD48EBDFEfAC76559F34F2E5703 481.24160 510.88346
0xad6f7b7985b0787bda9e8ec0adacfd85bef7461a3e11c9631562ad3d9650a2e1 419 162 0 40000000 3446064 0xbd5e6823fB845151b633fDe0031F70Ab7CB19E48 51.19723 55.28999
0x1923842a1df5bf3f7f542bbced788dcc7d3987bfe9cb9557ea1475f513a8a03b 420 150 0 40000000 3190800 0x55613471e11325aa70426a7388A2497f3cA4D769 59.10100 80.47365
0xf92bb2793e2e7a3eb2906667e37572a7e1790f28e58d5b7755d1d1e2a3dc2da5 421 1702 0 40000000 36204944 0x737F1513Ae8881a0EC9513bcDEb614D74e835A78 679.78610 713.99963
0x6d22d0f5a6d3276b8c0597a4d5d31c3e5f5ff8698ff1ed9b180d111e1470ad38 422 50 0 40000000 1063600 0x737F1513Ae8881a0EC9513bcDEb614D74e835A78 13.94392 15.94766
0xc6eb59c839da56f7f9fdc4236762a9a34288a3a49b9c0c8672c80e1249ea44dd 423 539 0 40000000 11465608 0x87EA027bda730e38e3535567EEEF9474778767B9 60.78395 69.69921
0x0c7fd6867c38a65738ccc394fc9de502428d7afcbff52c5b2e7ef57b83ad80fe 424 14 0 40000000 297808 0x87EA027bda730e38e3535567EEEF9474778767B9 5.51573 6.26187
0xa570522f5e6ed5f737242ab3043e8d0f0d438df992315f63c40612e82c2853f5 425 459 0 40000000 9763848 0x20F9130D298d062078DcAd6C8DfE8edb8Ab169Cb 74.96565 85.03475
0x9f226a22d1b240cbfa05a77fffcdb84cc7f8a0fa0e65918acfa97fb433a26d79 426 557 0 40000000 11848504 0x8264dC2DF8CCbE039cFC706D08c87d98e2BdaEeD 61.75826 71.01419
0x7264b3e16c5e41e5997071dc05d27db1495c54a671ad71eae5c0f9057a1d9e83 427 968 0 40000000 20591296 0xa73e4cDEC8CeE1E8102523c9f4219eFca1301868 131.26790 152.90650
0xe0638527de580de0359614d47342e9911f7e8daa8145a39ba5ade794ccb35a75 428 561 0 40000000 11933592 0xa08c70f7328139FF6da6F2a1A70d3E8a14879491 114.55013 127.32225
0x3818bb80a4583cb983085bd62bb1ffd58b50b1aeb78afd8f61c138a722b06cbf 429 559 0 40000000 11891048 0xB479706256fF5bD48EBDFEfAC76559F34F2E5703 64.62806 74.01248
0x745e38a461702d4d72ef10c8029fb5fb783ac9394535e09bc63af0de379b69be 430 888 0 40000000 18889536 0x737F1513Ae8881a0EC9513bcDEb614D74e835A78 106.28146 120.60899
0xc398111ef837755c03470c25491e64d25b574369f3540ac01b09b131c499cb41 431 565 0 40000000 12018680 0xbd5e6823fB845151b633fDe0031F70Ab7CB19E48 97.14993 110.86909
0x95d3bcb124cf88df16bcc129e50f007eaf1bba2d3e0f49409fe4a31b6a6841bf 432 74 0 40000000 1574128 0x737F1513Ae8881a0EC9513bcDEb614D74e835A78 12.45478 14.75659
0xcf2ee5448b8bcd74b8405b2aed8b7a1ba60b623390bdbe1a33b938fa48236038 433 215 0 40000000 4573480 0x87EA027bda730e38e3535567EEEF9474778767B9 38.28981 43.95395
0x7b0116f0b3dcf9fab5abfad4383281a0471da9e11896cfebd69d92cf2c646b91 434 225 0 40000000 4786200 0x8264dC2DF8CCbE039cFC706D08c87d98e2BdaEeD 26.14644 30.34928
0x23b229885308f321897fc21ccc7eefd61189b6043ed4cb15982763928ac46c89 435 428 0 40000000 9104416 0x737F1513Ae8881a0EC9513bcDEb614D74e835A78 51.78291 59.38660
0x2bd2a12e466a5b5791c5bef12095a138bf5539fe4424b7a75d8dba7b7018be63 436 325 0 40000000 6913400 0x5c6c5E80cb650CB66B48ab594ac8C2af2F2FFADf 47.36754 53.64730
0x5d73331602915b9d9005be025ec34bfb25ac64357f90ecd561f918a242373b62 437 28 0 40000000 595616 0x737F1513Ae8881a0EC9513bcDEb614D74e835A78 9.84473 11.36543
0xb07df943721a02b9045c55378c5fa3c87fb14b5583d866904cf6cc5e62bd4d5c 438 49 0 40000000 1042328 0x737F1513Ae8881a0EC9513bcDEb614D74e835A78 17.80306 19.40624
0x94b62ddc226cc896252439bf092b0153bf0300e1ca367ab56349004f9f303580 439 2 0 40000000 42544 0x737F1513Ae8881a0EC9513bcDEb614D74e835A78 0.99466 1.77949
0xbd10430a6b4525596a36f1b6a3dd291ed78db131c18676488933797752accf43 440 268 0 40000000 5700896 0xB479706256fF5bD48EBDFEfAC76559F34F2E5703 33.58421 38.46230
0x6503a3cee332c1b1dd9f8129c44e38de385c1c6a31c826eb7484807b6b43d474 441 204 0 40000000 4339488 0x87EA027bda730e38e3535567EEEF9474778767B9 67.74581 71.83938
0x797405a659da0a245b6545a9a5a397c2aa3d865fe5c9097d3704f648c8b010e4 442 13 0 40000000 276536 0x87EA027bda730e38e3535567EEEF9474778767B9 4.97824 6.53210
0xf57f942574ae0b732afde8d4a24551ee83e35eb51d84da4750593b4ef8ae9e31 443 1 0 40000000 21272 0x87EA027bda730e38e3535567EEEF9474778767B9 0.76324 1.41856
0x2f99c6991f03dbd072eb443a936a7f9c5b3b1ebd767142587d70c153bb921000 444 187 0 40000000 3977864 0x8264dC2DF8CCbE039cFC706D08c87d98e2BdaEeD 56.66357 60.31013
0x5de3b05ba25f52902f8d444d1f99f25c08eaf247afaf4858c0f67a5cbce66576 445 13 0 40000000 276536 0x8264dC2DF8CCbE039cFC706D08c87d98e2BdaEeD 5.06293 5.90447
0x2808429b82ae3b5a2f69e3eca833da97d685cdb813e846532c6f36186ce65a83 446 1 0 40000000 21272 0x8264dC2DF8CCbE039cFC706D08c87d98e2BdaEeD 0.76295 1.36259
0x7cd14124e26eadceb360094706a37683d4dc89cec9afdd30af66f2edc599e66d 447 348 0 40000000 7402656 0x2f2Ef10b7Ef485579344797f058462A567838542 48.57919 54.70164
0x924849b53b90b753b7f13c9fac5e154fea1a1f8ee834248e862baa8058f14d20 448 55 0 40000000 1169960 0x4Dfb9205dC101Db8EaEfd53fC8d2E67EA3857E18 10.43914 12.86744
0xac2190f178c06b5e1a9acaf9d2289c87d8e549cdfa5cc225c531f19c3e6caf52 449 228 0 40000000 4850016 0x737F1513Ae8881a0EC9513bcDEb614D74e835A78 28.53833 32.92215
0x0e92476a82c34bdbc7275b2a4c9bfcf7f7ba92136457cb47d3dc1ba66ce3b8d4 450 502 0 40000000 10678544 0xa73e4cDEC8CeE1E8102523c9f4219eFca1301868 58.46816 67.06082
0x81c359890a8ecee4ff960bed1279761302ce5aa25a35ac33f5cf1c6fde83122f 451 424 0 40000000 9019328 0xbd5e6823fB845151b633fDe0031F70Ab7CB19E48 51.26303 58.41975
0xb113fae239aa445c455e3a819259d61b91890c605628d16ddab66c257f15b1b1 452 165 0 40000000 3509880 0x87EA027bda730e38e3535567EEEF9474778767B9 53.17110 57.12198
0x13eacc933882732f672ee60740318ef911fe40fb7793c8e11e9fd03954453481 453 349 0 40000000 7423928 0x5c6c5E80cb650CB66B48ab594ac8C2af2F2FFADf 43.12532 49.31079
0x6af22ae43a57721e2010262c5838eb6ea1ee8518a1fee71459af8a08a465ab6e 454 174 0 40000000 3701328 0x8264dC2DF8CCbE039cFC706D08c87d98e2BdaEeD 56.89616 60.34665
0x38cb5d76f47b3f728347b15c99bf728b78dc5577234dc184a140e2cbb4f13a95 455 1869 0 40000000 39757368 0x05c591e3439fEdD5FA4FAD223Fc4e59D86aa7DC7 586.32644 616.23355
0x44e291c48688ed206c2ca689eebbfc71b1784c869cd7052456b4b47dc03729a5 456 845 0 40000000 17974840 0x737F1513Ae8881a0EC9513bcDEb614D74e835A78 109.22364 123.22244
0x371504f570a4ef9f4c39d857881a76ddb67aea568ac583cfda57be37da0777d3 457 21 0 40000000 446712 0x737F1513Ae8881a0EC9513bcDEb614D74e835A78 8.22532 9.45404
0xa814bc18cd8cd058084bb47f339afc7ff6ad08ddca411b92362e041009b0bca2 458 1159 0 40000000 24654248 0x55613471e11325aa70426a7388A2497f3cA4D769 296.15110 314.58398
0xc37b2eaa51ab81dea65034c9f6ac023a60e829e4478455fed45cd1e7ee160149 459 346 0 40000000 7360112 0xa73e4cDEC8CeE1E8102523c9f4219eFca1301868 57.08561 64.98221
0x67cf0fda26408f676c5935c51e570e0c60a30467e7b19254aaec390d6444cafe 460 238 0 40000000 5062736 0x737F1513Ae8881a0EC9513bcDEb614D74e835A78 69.77784 74.30023
0x7924beaa4797a2a43ade0165e875e162a0b96e3aef354eb5b823acbcd3ddedf5 461 381 0 40000000 8104632 0x87EA027bda730e38e3535567EEEF9474778767B9 42.68487 49.09228
0x81b6b4e598ca0b7bd5003e73c5d0913a8e3311b6481d98aa0f2b9324e343965e 462 381 0 40000000 8104632 0x8264dC2DF8CCbE039cFC706D08c87d98e2BdaEeD 42.36033 48.93189
0xbb0cde9c6eb1fb6655c5e4533b4a4972e9dcb777d4e35775ed6bbfa8a24e3f04 463 444 0 40000000 9444768 0x737F1513Ae8881a0EC9513bcDEb614D74e835A78 55.71085 63.45484
0xcdf11370fa9218b3b293275edb178a02d32e51ce241fbed5d6faa84dbe47dfe7 464 159 0 40000000 3382248 0x737F1513Ae8881a0EC9513bcDEb614D74e835A78 39.52212 43.73099
0x0ebc127cc16c838c48a4c5c60a4c15d029ede884fdf40ef214659d78a1d38374 465 110 0 40000000 2339920 0x87EA027bda730e38e3535567EEEF9474778767B9 40.02921 42.94866
0x50e96036864ce4c32cc55e29c0a887cb990990016231664e2647c338bf35b148 466 266 0 40000000 5658352 0x737F1513Ae8881a0EC9513bcDEb614D74e835A78 88.06821 93.14805
0x4d1c18a7c4732a5040a1060041a104d2206d212cec34c5c5241a9abf8f0f2836 467 11 0 40000000 233992 0x737F1513Ae8881a0EC9513bcDEb614D74e835A78 2.23966 3.37518
0xc72a33bd2dd3db6d6bfe23cb69a4cedb0313b96b1230f11e716c8641a2c41a10 468 16 0 40000000 340352 0x737F1513Ae8881a0EC9513bcDEb614D74e835A78 2.72526 3.89262
0x7e681b83dd7f98447bacb32fb9b97c6d600f035bf0fa888ed04dd0a64f67e7f4 469 554 0 40000000 11784688 0xbd5e6823fB845151b633fDe0031F70Ab7CB19E48 65.39720 74.77048
0x82745d40f6fc0dce89fc12f01428b8a2bb8dadaa6d9eb6a30b3f433c54d8d3d3 470 130 0 40000000 2765360 0x8264dC2DF8CCbE039cFC706D08c87d98e2BdaEeD 60.49994 63.88344
0x79c4948375b7a669e5b184c9e7516b4147fbca9c5824f3abfba1a151e4a68fe0 471 114 0 40000000 2425008 0x87EA027bda730e38e3535567EEEF9474778767B9 36.47468 39.43660
0x12a15965675d3fa2b353414f0ef72172c7c3fd2ab8143cc42b9e7f3704263b2a 472 381 0 40000000 8104632 0x737F1513Ae8881a0EC9513bcDEb614D74e835A78 191.88747 198.76717
0x8374df9e206fd4ea3603376d6797ef7681386eda9e7c1beaf8f9589c471ec3f9 473 0 0 40000000 0 0x737F1513Ae8881a0EC9513bcDEb614D74e835A78 0.12456 0.67904
0xc13d0a86180d54f2731e80d84d1c0135d398eda190e8df54c3c9136b31539941 474 190 0 40000000 4041680 0x737F1513Ae8881a0EC9513bcDEb614D74e835A78 54.09876 57.80263
0xd4f575c8b0d21c0e61118a42b3e8dcb1a90aefb69164f38251efdebe3e454023 475 88 0 40000000 1871936 0x87EA027bda730e38e3535567EEEF9474778767B9 36.89702 39.47321
0x62eaebf0ad3d957e5804f4be9e274930e3a867137272a9ca425290ec59b13457 476 126 0 40000000 2680272 0x737F1513Ae8881a0EC9513bcDEb614D74e835A78 22.78112 26.37725
0x2582b73c5a7026d5b156e63028c7c86d435cbea92dcdc680ef699dc1d255f178 477 174 0 40000000 3701328 0x8264dC2DF8CCbE039cFC706D08c87d98e2BdaEeD 46.98983 50.33682
0x5cda23f9ed7c88babb5f3252daedcb2c4896bb1fba8ba5e052410793abc2856b 478 999 0 40000000 21250728 0xB479706256fF5bD48EBDFEfAC76559F34F2E5703 219.95232 313.01647
0x9ced25c2adb7ef504f65a4e70a6aa54862e72e7dcc37fb3b6ff75d9fe434ce52 479 527 0 40000000 11210344 0x55613471e11325aa70426a7388A2497f3cA4D769 140.50960 151.91364
0x5e76fb9d139bf2699085210c41607449d912b12af323e029b46a1ca59bf92997 480 57 0 40000000 1212504 0xB479706256fF5bD48EBDFEfAC76559F34F2E5703 9.94087 12.03478
0x7f01576daaeefdaa1638ef0b61c7a4e2f2d7b17aa432688e25f968b3487757df 481 1307 0 40000000 27802504 0xa08c70f7328139FF6da6F2a1A70d3E8a14879491 298.79153 319.61671
0x7440f7095e07d23d1221793c75ecbd567d09615e8b5e30fb13143e7e361a3c8e 482 1047 0 40000000 22271784 0x737F1513Ae8881a0EC9513bcDEb614D74e835A78 256.83733 276.25880
0xa1b02f6d56c51a4de41978e0cf1d46e2c7c78674147c726ac75dfffeb87628ca 483 576 0 40000000 12252672 0x737F1513Ae8881a0EC9513bcDEb614D74e835A78 71.08672 80.82200
0x58fc6772c987df4a189d6151c9b306e3555d62689e0f863d6136f1f0300b4c93 484 1869 0 40000000 39757368 0x76D1aF7aC51134707802b71CBdCa8b58Af406A89 218.73548 248.96767
0x4fa5437465d6eddcded293cba04cb8796152da9d5dae01cae7329b5201eb0b73 485 368 0 40000000 7828096 0x55613471e11325aa70426a7388A2497f3cA4D769 49.09963 57.06998
0x3f9c36de8e8ccb551c6e28fcc1be22a4795f17bb116c59a0ab9914061379492d 486 343 0 40000000 7296296 0x737F1513Ae8881a0EC9513bcDEb614D74e835A78 111.89798 120.22986
0x935d544e8001d1a1970b9c5eb85aec46dc74e56f4a5a84aace76f909befe59fa 487 1861 0 40000000 39587192 0x20F9130D298d062078DcAd6C8DfE8edb8Ab169Cb 441.25556 470.68802
0xd7a06bc2164a22bb109d45e24a6f9c554bbdeae8facb95f5a9b79f710681f7da 488 388 0 40000000 8253536 0x2f2Ef10b7Ef485579344797f058462A567838542 65.70423 73.37772
0x2b6cbbdb9626dd8e15aaae2f39344727836a290c9f52d062cad8d614a041c2c3 489 471 0 40000000 10019112 0xB479706256fF5bD48EBDFEfAC76559F34F2E5703 76.38619 86.99627
0x6a6f8eff99c9cb43dd6f493891936e1392b9d1c2faab09512da0e03a6b575af7 490 0 0 40000000 0 0xB479706256fF5bD48EBDFEfAC76559F34F2E5703 0.12741 0.67055
0xf4696043953b45f54ed6361d8207065c4562ad7332c984d6e0321e0aeb8f7a5e 491 468 0 40000000 9955296 0xa08c70f7328139FF6da6F2a1A70d3E8a14879491 161.84256 173.98751
0xeef55ea04d8935ea8207e29ec50ecdd196ed5225f1a62fc1d8b18459ae00835e 492 0 0 40000000 0 0xa08c70f7328139FF6da6F2a1A70d3E8a14879491 0.10677 0.69531
0x28442949dbefe8a9579257424647f080103f1cced1b4d0bfffa0c5d5f0c61b5e 493 1041 0 40000000 22144152 0xa73e4cDEC8CeE1E8102523c9f4219eFca1301868 316.66017 338.34508
0xa9c45a9ba4873913a8326ecfabe05cda2a293bd92298c0ec30aa40f9eec5761e 494 457 0 40000000 9721304 0x737F1513Ae8881a0EC9513bcDEb614D74e835A78 258.54998 270.70595
0xa39151e628b33ccce415eb58e277ef6278340dd794b5977c31446a1e7852c199 495 119 0 40000000 2531368 0x737F1513Ae8881a0EC9513bcDEb614D74e835A78 25.97708 34.72282
0x1f8941e078cd25e0483fa7d5bf89b2d30589efb2e9dd6b86dea2bb01fbe40192 496 123 0 40000000 2616456 0xa73e4cDEC8CeE1E8102523c9f4219eFca1301868 36.17382 39.53103
0xfc8abe71642ef26561fd00b459130a45b6fb861e0d8b827fcb98f3cc1f1e85b9 497 204 0 40000000 4339488 0x737F1513Ae8881a0EC9513bcDEb614D74e835A78 56.42998 60.50229
0xdd6928b2ca233cea0b8b819b51e98375814bc91fa36e8c7989b27cf4a24ccc74 498 30 0 40000000 638160 0x737F1513Ae8881a0EC9513bcDEb614D74e835A78 9.02717 10.24151
0xf4b347c856ee02a82594b38f0cddbc8f339ccec733fe7694897ba6fc1214d371 498 805 0 40000000 17123960 0x87EA027bda730e38e3535567EEEF9474778767B9 337.35363 349.42840
0x62e30891ee61c6e9c267e0def795687db05cd7fae7041b05d8bd0fc4d66e104d 499 1606 0 40000000 34162832 0x8264dC2DF8CCbE039cFC706D08c87d98e2BdaEeD 356.36139 397.97548
0xbcb9b1fb8ade87e3051d7a96be787bbade26f999406e26ac97aa9c669ecc5497 500 46 0 40000000 978512 0x87EA027bda730e38e3535567EEEF9474778767B9 14.59299 16.28660
0xadce3ecafc49ef910c63c9a58f6caf64db51928978cec793b3a1a358e6e36c50 501 282 0 40000000 5998704 0x20F9130D298d062078DcAd6C8DfE8edb8Ab169Cb 108.46503 115.95103
0x53f9bc6991da01b206303407162adab1ee06b651818e7ac954e2d3ed3cb1fdd5 502 46 0 40000000 978512 0x8264dC2DF8CCbE039cFC706D08c87d98e2BdaEeD 15.37020 16.72883
0x5ead0a72b4c8a0b8bbd298e02b1651e87fc1c13f47e4d10b8ab4f6997056acab 503 523 0 40000000 11125256 0x737F1513Ae8881a0EC9513bcDEb614D74e835A78 62.70985 72.00978
0xe7d90dd41aa99e16a97ecb385895361f64400f74f03bdf3322bc80ec1b6fb1a2 504 246 0 40000000 5232912 0x5c6c5E80cb650CB66B48ab594ac8C2af2F2FFADf 45.85361 52.44892
0xb663ca71c3125be5ce1afedc854fff19426615f84c353085c920c212ce5b058f 505 2 0 40000000 42544 0x737F1513Ae8881a0EC9513bcDEb614D74e835A78 0.55873 1.39531
0x12e73e1526415f923afbf341ba20b07d775f714332de1bb4bd99c6014e0f0666 506 154 0 40000000 3275888 0x8264dC2DF8CCbE039cFC706D08c87d98e2BdaEeD 44.95492 48.92109
0xb90fd3e70b98df0dfff9c1f0c47058beb7dd9748f4664c6c26f62316d61f0577 507 208 0 40000000 4424576 0x737F1513Ae8881a0EC9513bcDEb614D74e835A78 70.94983 75.66130
0xecd2d1f4f2003ab155e16f40861119252cf4f0b3f54c1eaaca80eac1a9d736fb 508 207 0 40000000 4403304 0x87EA027bda730e38e3535567EEEF9474778767B9 70.05382 74.05257
0x8b01846c0343d93d7daf2e9b80875dec90de187488d7849a54eb6fb8465575d7 509 65 0 40000000 1382680 0x737F1513Ae8881a0EC9513bcDEb614D74e835A78 24.70716 26.60952
0x43470d288efe6dc507bcc88c2769eb929b3dd371cd8393a319fb2a2099be51b0 510 49 0 40000000 1042328 0x8264dC2DF8CCbE039cFC706D08c87d98e2BdaEeD 17.55116 18.92617
0x2b483e1dd4caf3a48977ac622e45763aba759981bd4be70a250bcd610a4b01da 511 104 0 40000000 2212288 0x737F1513Ae8881a0EC9513bcDEb614D74e835A78 37.61768 40.44358
0xd74ea379e33d56d9a282d72f965a70712d00cd8da9913a7ee5fce896e1a8ba97 512 45 0 40000000 957240 0x4Dfb9205dC101Db8EaEfd53fC8d2E67EA3857E18 6.89772 8.40199
0xd562fbd8dc12564b686cb0206f8c332db4a6e4264fc581e8e1688d0a0afb12fa 513 175 0 40000000 3722600 0x737F1513Ae8881a0EC9513bcDEb614D74e835A78 64.69555 70.07458
0xb27dfa5a3eb3f1bc0034e3c9b8049d5fd90ff39d2a2b62b7a2ffeb29ee9f0fd6 513 175 0 40000000 3722600 0x5c6c5E80cb650CB66B48ab594ac8C2af2F2FFADf 80.97822 84.54900
0x6105af000376b2960fdd1d33dd8e0c1ce60b39e5781638ccf52073d50594077a 514 90 0 40000000 1914480 0x8264dC2DF8CCbE039cFC706D08c87d98e2BdaEeD 33.94813 36.09617
0x01dd0c06f17a35635e1d3dc199657e79a07a81d1f69f0c1d731639f2ea2f0899 515 94 0 40000000 1999568 0x737F1513Ae8881a0EC9513bcDEb614D74e835A78 22.17223 24.76269
0x32aca836f1933daf5df92a683199829e48a32423aac4d2905879f8fbd2e58691 516 4 0 40000000 85088 0x2f2Ef10b7Ef485579344797f058462A567838542 2.52569 3.48017
0x3a1006265974624de2cf1ddcab69136bfebf722ece6dfbd1b9e628a6b2e5adca 517 403 0 40000000 8572616 0xa73e4cDEC8CeE1E8102523c9f4219eFca1301868 46.76036 54.01174
0xf7fa0f5d70cbbd02a1bf0432183110efec32c71573282d820a76f200134773b0 518 31 0 40000000 659432 0x737F1513Ae8881a0EC9513bcDEb614D74e835A78 81.23873 82.95374
0x8667c1331358a41e670628f35ec728695a80d88c1deca9824acd58f757485bf6 519 34 0 40000000 723248 0x8264dC2DF8CCbE039cFC706D08c87d98e2BdaEeD 12.30569 13.76927
0x86cc3c134bb6c8b8209a5fc4b030dded16d4d7c3ee0507783a27bc88bcc08e14 520 151 0 40000000 3212072 0x87EA027bda730e38e3535567EEEF9474778767B9 47.93502 51.60323
0x0e5200dbab4f096ec8ed0d74bf477ce25edfa06c80dc2c56ebfc03e0ce13c7fc 521 26 0 40000000 553072 0x8264dC2DF8CCbE039cFC706D08c87d98e2BdaEeD 10.72140 11.71196
0x1204e9ffdc0711dbb81f243105206e2fd49084e4d6f324a934c27e0b0d1fbf69 522 211 0 40000000 4488392 0x4Dfb9205dC101Db8EaEfd53fC8d2E67EA3857E18 27.17054 31.49675
0xe339033a9f9bac0c3788e1bf1a5870e9b3ca9e5c4371622cb7167f078ca4ce33 523 20 0 40000000 425440 0x8264dC2DF8CCbE039cFC706D08c87d98e2BdaEeD 7.52477 8.59228
0x5af70f8afc06ad3c6cbff9ef639063ae1149a6c7ffe209cba2612f08d69386fb 524 1431 0 40000000 30440232 0xbd5e6823fB845151b633fDe0031F70Ab7CB19E48 213.67247 237.20890
0x08423c2732bcd7d04fb4c78d28ceab7fd988716fb52b81a79dc8c1cd9e6c8823 525 153 0 40000000 3254616 0xa73e4cDEC8CeE1E8102523c9f4219eFca1301868 45.74228 49.90355
0x7e7964115c0f8cf07098a881706d46c6282833f973a5c886177bf2747c54af0a 526 400 0 40000000 8508800 0x737F1513Ae8881a0EC9513bcDEb614D74e835A78 125.59107 132.74948
0x1fc9d213b684ce7fe79d2f36ac6854fb72bfb43a908e0e2f3a17dbc105c2750e 527 1869 0 40000000 39757368 0x05c591e3439fEdD5FA4FAD223Fc4e59D86aa7DC7 473.05817 503.35311
0xb3196b99b0717fdf86daf3975e0896061ab1b534cd5f62fbb0851b2f54fe2fa3 528 1069 0 40000000 22739768 0x55613471e11325aa70426a7388A2497f3cA4D769 287.73954 311.76283
0x603da430e06f696b4f02a864ab1c8905f3f6e3531db6fa53dd08bac25083de8f 529 968 0 40000000 20591296 0x737F1513Ae8881a0EC9513bcDEb614D74e835A78 191.26252 217.76334
0x6f7c71e383bbbf5413d2ba8201d6b06ace2dddd2f6b36de25880ea336deb73c6 530 448 0 40000000 9529856 0x87EA027bda730e38e3535567EEEF9474778767B9 90.69567 101.67604
0x4ff3b7f1567ba309708b68bad1cfdeefb1fba7acbd53d97f395a3d48706b6bcd 531 0 0 40000000 0 0x87EA027bda730e38e3535567EEEF9474778767B9 0.08527 0.63439
0x23e6d55979794fba12d7e6614d60fba348e768a61409b37c9a747990999e6326 532 414 0 40000000 8806608 0x8264dC2DF8CCbE039cFC706D08c87d98e2BdaEeD 124.94492 134.50963
0x9cecf46820890c76ce28a8b9a5d5b39b14e54db125c4a9c9f7bc4344fe9e3188 533 0 0 40000000 0 0x8264dC2DF8CCbE039cFC706D08c87d98e2BdaEeD 0.11940 0.64111
0x3d9d625bb785394a5e9695b1e43fa5c414b8a6341d02f7d7722874a52f69679e 534 382 0 40000000 8125904 0x737F1513Ae8881a0EC9513bcDEb614D74e835A78 63.16754 71.76621
0x55b2b107a7b35e8d9b9f18264648b777216e6776e45d9f56c0ecd0f8bf710a4a 535 240 0 40000000 5105280 0x737F1513Ae8881a0EC9513bcDEb614D74e835A78 29.06749 33.69500
0xfb72943c6fdb4923432a9beca89633e1824ec96aedf3c80860293e14d770e827 536 100 0 40000000 2127200 0x737F1513Ae8881a0EC9513bcDEb614D74e835A78 47.55662 50.80974
0x69fb599305ef2628c19c5207229402f4e2c2648981ad9959c6fff5b289c14656 537 185 0 40000000 3935320 0x87EA027bda730e38e3535567EEEF9474778767B9 23.31097 26.84124
0x2e5ab4c4fbcb6ca79b12171886f07cda1a62a951367a6fead32ce7ae9e38edfb 537 562 0 40000000 11954864 0xbd5e6823fB845151b633fDe0031F70Ab7CB19E48 163.01664 175.37733
0x0cbe4ce7535ca165e18dae996733485e111c11a5ecc30152199afa30ea70835c 538 189 0 40000000 4020408 0x8264dC2DF8CCbE039cFC706D08c87d98e2BdaEeD 78.59935 95.21408
0x08f1150062235cdc5a9fdc27141cdcf4123d220b19a9b68c0ab6bf1c7ec13815 539 1476 0 40000000 31397472 0x737F1513Ae8881a0EC9513bcDEb614D74e835A78 187.79614 211.68016
0xe783e94c07ad6d668459dc17c7919cdc0248a3a3c42a59174631a34ac5651695 540 1117 0 40000000 23760824 0x20F9130D298d062078DcAd6C8DfE8edb8Ab169Cb 364.48601 387.79261
0x7afe7ca0404cb77299b12878a11682c4756b01cb939c610ea05f448ee291f088 541 189 0 40000000 4020408 0xbd5e6823fB845151b633fDe0031F70Ab7CB19E48 22.90320 27.55365
0x26886dcebf4e91cda36ae8f37daceec27d4a1b26c1f922f0fddb5af711852ed9 542 250 0 40000000 5318000 0x737F1513Ae8881a0EC9513bcDEb614D74e835A78 34.92412 39.84050
0xe6ea336e8dab08af5fd5bd6dbfe316151673670fcf4e8d7c3ad425316f269cf8 543 501 0 40000000 10657272 0x55613471e11325aa70426a7388A2497f3cA4D769 58.43190 66.88155
0xf5dbcaae9f270f3df9c9e46eda9a196d74eebeb5dafb9e6b7a198af6ac59a520 544 0 0 40000000 0 0x55613471e11325aa70426a7388A2497f3cA4D769 0.12340 0.75996
0xd5b6cbc43c4f84e0f796143a620b91cf4f70a285b2d2d0ceab51ad3dc88b30fe 545 303 0 40000000 6445416 0x737F1513Ae8881a0EC9513bcDEb614D74e835A78 88.57103 94.39371
0x109a4500b82043e78c59e3cbf245929af6046a884579d0b70430aac83c266ec2 546 261 0 40000000 5551992 0x737F1513Ae8881a0EC9513bcDEb614D74e835A78 51.05369 57.54897
0x75247cc0638613ed435f75b830c99778e1de6089120eb07f2d262c6e489390d1 547 217 0 40000000 4616024 0x55613471e11325aa70426a7388A2497f3cA4D769 78.92435 84.72379
0x028b6fdee72d5b2ccfaa6821baa359ac3740bf7d155007f9aef3e8d225a5ede9 548 802 0 40000000 17060144 0x737F1513Ae8881a0EC9513bcDEb614D74e835A78 270.58290 288.00337
0x596b84837e6c1697df7ecdcacd8aa781a6cbc094dc8f4321bb4feed2964edee7 549 100 0 40000000 2127200 0x737F1513Ae8881a0EC9513bcDEb614D74e835A78 35.69543 38.12125
0x2ed446a6a1736a32e0f9a6e9fb87447d3f8c013c682144368ae0c48beba7a31b 550 1782 0 40000000 37906704 0xa08c70f7328139FF6da6F2a1A70d3E8a14879491 607.11813 646.51173
0x847c3e6f9756d2eb089de1c860468e8af0d0c13032da58ff718f3cc0c6d1f0b7 551 244 0 40000000 5190368 0x737F1513Ae8881a0EC9513bcDEb614D74e835A78 56.53864 62.73332
0x89a711242a28be67c967c96b063dac1e6596ebecae346dc54bcc9913674590d3 552 557 0 40000000 11848504 0x20F9130D298d062078DcAd6C8DfE8edb8Ab169Cb 63.40957 72.69503
0xfb8c608a64993e157952b32b84741de652aee4d231a403fd30aa597f73e7ef83 553 712 0 40000000 15145664 0x87EA027bda730e38e3535567EEEF9474778767B9 95.32759 106.96962
0x23f9ebb8723bbde4333f156a659309b176d0d2f25d33733cc3d87c0efb5ca693 554 708 0 40000000 15060576 0x8264dC2DF8CCbE039cFC706D08c87d98e2BdaEeD 74.88941 86.52851
0x4b1f34554f4b4089a4584a41bda996807f3f90410b03f1e000baa3c1097e2a2a 555 361 0 40000000 7679192 0x737F1513Ae8881a0EC9513bcDEb614D74e835A78 181.56535 253.50225
0x96bb58d04c14d73150e6d45a5c85a36a7876bf6f8a0f322771f45b1cf7528139 556 124 0 40000000 2637728 0x737F1513Ae8881a0EC9513bcDEb614D74e835A78 75.28983 79.35055
0xc5b26d38c78a46e4d22b4aa368d31ad0d30fda0320364d1b746ef56f49e7de7d 557 1869 0 40000000 39757368 0xB479706256fF5bD48EBDFEfAC76559F34F2E5703 460.82558 490.69291
0x7c50a7d7adf4dd09e43e5554d4994f2b3420496967525a8f76bd649e43e70eed 558 1869 0 40000000 39757368 0x05c591e3439fEdD5FA4FAD223Fc4e59D86aa7DC7 697.48285 726.96629
0xfa4469a73d2453518c8afc6476a40782d7e27b343dba0c72b2d0014c762fab02 559 517 0 40000000 10997624 0x737F1513Ae8881a0EC9513bcDEb614D74e835A78 62.66848 71.68599
0x8a5de00725807ebbdd4b8259b9705a4ae54d8c5ddc960d3a84a0592351e9d8f4 560 188 0 40000000 3999136 0x20F9130D298d062078DcAd6C8DfE8edb8Ab169Cb 57.38559 60.90747
